-3.456338175265734e-01
-7.425405194162231e-01
-8.556532176040558e-01
-1.17814651423649e+00
-1.3299580324131945e+00
-1.1458208385115363e+00
-8.494447838636118e-01
-5.860412672776608e-01
-7.140276763453581e-01
-8.444938248252098e-01
-6.469843510367121e-01
-5.321362605021469e-01
-6.595172796541914e-01
-9.684462289230825e-01
-1.4384881754280183e+00
-2.440916194259937e+00
-3.5237579858203807e+00
-3.2908602153617026e+00
-2.313243453851964e+00
-1.73363526386256e+00
-2.640402189508599e+00
-3.0743882417017487e+00
-2.854491830530797e+00
-2.9483761291624697e+00
-3.780657016086492e+00
-4.034357208224272e+00
-3.8600194410168798e+00
-3.7765354151663417e+00
-3.8869149497339412e+00
-3.4071589347084865e+00
-2.927568658118501e+00
-2.091072494699954e+00
-6.505614676618219e-01
-1.2224219082530068e+00
-1.6096753332991864e+00
-2.302340565249135e+00
-3.086863919166963e+00
-2.929203048674452e+00
-2.587349849533073e+00
-1.902184976105227e+00
-1.748914242401743e+00
-1.707478503440417e+00
-1.5495411869846683e+00
-1.342266581579357e+00
-1.4719486094114627e+00
-2.008031433018825e+00
-2.9702690327233072e+00
-4.247378153906978e+00
-5.42257680764412e+00
-5.228898189978308e+00
-4.76773975700412e+00
-4.703747489874081e+00
-6.40144760587269e+00
-6.376629069555246e+00
-5.813741882244747e+00
-5.480128173249462e+00
-6.265322701209237e+00
-6.580880741886459e+00
-6.62322899188875e+00
-6.09671089096315e+00
-7.0567045134241155e+00
-6.421021497543664e+00
-5.555147411568256e+00
-4.118926349680308e+00
-1.0762039517404443e+00
-2.1189159782301514e+00
-3.2623058467617416e+00
-4.608808066170801e+00
-5.924615736437372e+00
-6.1326171195516475e+00
-6.043414778614588e+00
-4.82018410222338e+00
-3.9824555381115814e+00
-3.589214184163147e+00
-3.531653640845578e+00
-3.3029305187372096e+00
-3.402659411280128e+00
-4.4503765485976885e+00
-6.219205245814801e+00
-8.250494253217997e+00
-9.50086465355044e+00
-1.05317151119704e+01
-1.234342517325212e+01
-1.3550370617765157e+01
-1.4633908405992317e+01
-1.3939877352926482e+01
-1.2854613028693066e+01
-1.1473072955950064e+01
-1.0972506936938998e+01
-1.0773095943955934e+01
-1.0529276008405551e+01
-1.0282717171779288e+01
-1.1420983652609603e+01
-1.0732235634017478e+01
-1.0361315734427476e+01
-8.478081019708803e+00
-1.3276454462767193e+00
-2.653599492796785e+00
-4.079335915170093e+00
-5.598683571788184e+00
-7.302697586781429e+00
-7.454663362985175e+00
-7.8351807432573715e+00
-6.647034028522764e+00
-6.073227892829174e+00
-5.251897720429486e+00
-5.1237980417087865e+00
-4.616007353488361e+00
-5.226531515383272e+00
-7.273204977015374e+00
-1.0180837154617178e+01
-1.245720438891273e+01
-1.5332937564363746e+01
-1.738646025529311e+01
-2.1680684511184772e+01
-2.3037911082916995e+01
-2.569216626612849e+01
-2.2841064147584923e+01
-2.240607170477027e+01
-1.8089659345488506e+01
-1.6706535432983834e+01
-1.4202434228227636e+01
-1.4300398140522425e+01
-1.3481753253062676e+01
-1.5033358592750087e+01
-1.416519943023586e+01
-1.4548150391259904e+01
-1.1534690815695605e+01
-1.3855316988665316e+00
-2.838440635239627e+00
-3.947253898526315e+00
-5.649990108748434e+00
-7.2387246235359894e+00
-7.633269305766475e+00
-8.095346227604258e+00
-7.715546418295052e+00
-7.518693505580167e+00
-6.890045530231394e+00
-5.444693277370972e+00
-4.910223194648686e+00
-6.251776399992886e+00
-1.012701148472481e+01
-1.324469694970191e+01
-1.73304330048468e+01
-2.1502065501421995e+01
-2.5570326835773958e+01
-2.9604412983068602e+01
-3.2920351028983255e+01
-3.4959873868099955e+01
-3.349275699320382e+01
-3.0881394734507726e+01
-2.6238502453806294e+01
-2.229822580507482e+01
-1.9084761248797854e+01
-1.6702500920632232e+01
-1.5527793703873654e+01
-1.5943699169486733e+01
-1.5723156065647274e+01
-1.4732168561294415e+01
-1.1435527773246212e+01
-1.0067525487753146e+00
-2.2448579001817848e+00
-3.4704209432470297e+00
-5.113794294432693e+00
-6.708997133447569e+00
-7.373776858700003e+00
-8.642635077371562e+00
-8.336228312538212e+00
-8.628754574878968e+00
-7.059808793529973e+00
-5.040938669318617e+00
-3.879427903226786e+00
-5.529734203524507e+00
-9.570566810693911e+00
-1.4686010801280686e+01
-2.0112300691312743e+01
-2.606723169358353e+01
-2.970445942083725e+01
-3.5784897604017125e+01
-3.740427645208058e+01
-4.120602854393312e+01
-3.867706470093696e+01
-3.776483687834347e+01
-3.2498991980316404e+01
-2.987921171061026e+01
-2.467137659737144e+01
-2.143983662372449e+01
-1.7141149399937163e+01
-1.6461118587965302e+01
-1.4224895509795747e+01
-1.2501795818634587e+01
-8.758967305863345e+00
-9.109984384251973e-01
-2.2638109689322556e+00
-3.3810458615556596e+00
-5.067922191142303e+00
-6.791616270658797e+00
-7.707153749857867e+00
-9.396061202343779e+00
-9.58643919388242e+00
-9.301532843858242e+00
-6.680672170970949e+00
-4.555880370668652e+00
-3.0140653708066045e+00
-3.5343525511971623e+00
-7.474038562147026e+00
-1.3050411139841904e+01
-1.9478103879993316e+01
-2.6531411601188598e+01
-3.0829654743242134e+01
-3.672191008039304e+01
-3.7856932415277285e+01
-4.083451269280679e+01
-3.776068236974542e+01
-4.0772634937905835e+01
-3.830633189338826e+01
-3.5605140035933346e+01
-2.9738819789529067e+01
-2.6107347774974023e+01
-2.0286713301937844e+01
-1.5979655335602509e+01
-1.1686772114588628e+01
-8.831441186180584e+00
-6.079345742973251e+00
-9.457979343682855e-01
-2.451641757166564e+00
-3.5927240345253013e+00
-5.14424169125812e+00
-6.68098960350046e+00
-7.159741590329058e+00
-8.62014475897583e+00
-9.193694993511997e+00
-9.112972004185188e+00
-6.619917444205269e+00
-4.481077262227536e+00
-1.9723955312975905e+00
-1.1360175236996977e+00
-3.5472105434640477e+00
-7.111570629473072e+00
-1.3045173968696664e+01
-1.841787759745468e+01
-2.2482626925507613e+01
-2.6917166375843472e+01
-2.874109178931839e+01
-3.166838462530881e+01
-3.0692540188248785e+01
-3.623040396447473e+01
-3.5562822407594986e+01
-3.520640654046854e+01
-2.9114047595175474e+01
-2.6945668166847035e+01
-2.077182101163445e+01
-1.6258532609263547e+01
-1.07684872747114e+01
-6.9634341917856375e+00
-4.05822150403806e+00
-1.4175667230526314e+00
-3.1364965456843312e+00
-4.2503959605582065e+00
-5.495391846172441e+00
-6.680249804089948e+00
-6.468288637331482e+00
-6.81637858202315e+00
-7.446241551068208e+00
-8.457341288552122e+00
-7.633530702014128e+00
-4.940615694435642e+00
-1.5205751717140883e+00
4.2369240587418305e-01
-5.425027750956685e-01
-2.1250034466139938e+00
-5.27791453910196e+00
-8.470697276532626e+00
-1.1830333222430669e+01
-1.4645052619358779e+01
-1.8446048454520955e+01
-2.265352004900626e+01
-2.4857413408005183e+01
-2.801533045737068e+01
-2.9946096261339083e+01
-2.9591327369256227e+01
-2.4972431777902674e+01
-2.2312523607619223e+01
-1.9534238604807786e+01
-1.5670812715215465e+01
-1.1405351327992266e+01
-5.862844894984903e+00
-2.294973717808671e+00
-1.7390258937975207e+00
-3.3385109160097004e+00
-4.92390510158441e+00
-6.3261061580748e+00
-7.582236718558467e+00
-6.768479485306872e+00
-7.143295461259357e+00
-6.979135048758014e+00
-8.240501274621058e+00
-7.913850374984678e+00
-5.707741288947601e+00
-1.4938521460685235e+00
1.5073894695008725e+00
1.9935231455853153e+00
1.6783661417066302e+00
5.349398490649795e-01
-5.514755887480091e-01
-2.558943478323278e+00
-4.428714309523031e+00
-9.104335332929754e+00
-1.3423304242315135e+01
-1.7228755711869375e+01
-2.1616060835633935e+01
-2.3140479109489807e+01
-2.3541443749815713e+01
-2.0400934717012877e+01
-1.9660122099255084e+01
-1.7508959817587098e+01
-1.587973617277801e+01
-1.2481896733221445e+01
-7.603132487295017e+00
-2.539126588827171e+00
-2.5829225620238496e+00
-4.786813282948039e+00
-7.221111668372086e+00
-9.38008988998004e+00
-1.0741031388086588e+01
-9.986298809049336e+00
-1.0063515547206645e+01
-9.162497675837395e+00
-9.488581621361298e+00
-8.318121547702564e+00
-5.340647467895348e+00
-1.2048998175603844e+00
2.1458553160872644e+00
2.0258676457146576e+00
1.5879207709305319e+00
1.2664416378034509e+00
2.1429837789850934e+00
1.7932680338074076e+00
1.4913376155941889e+00
-1.8450500838406876e+00
-5.167811085113891e+00
-1.0328934724871186e+01
-1.4038943961884547e+01
-1.6408259570658952e+01
-1.806746127210789e+01
-1.5887287696426379e+01
-1.683031397177904e+01
-1.6958641110811175e+01
-1.6669357814751603e+01
-1.3531864349887732e+01
-8.570583295323646e+00
-3.511587510773417e+00
-3.361769529556833e+00
-6.309370464031847e+00
-9.389707034688538e+00
-1.1955463327266013e+01
-1.429518299824861e+01
-1.313542573614132e+01
-1.4264114139139325e+01
-1.2665361963523976e+01
-1.2627525337454108e+01
-9.25495735743577e+00
-4.622007165378398e+00
-3.826361189469741e-01
1.8054816489575776e+00
-6.029262244383008e-02
-2.1281387801146985e+00
-2.589361554849047e+00
-2.376331318004439e+00
-1.1158094373059981e+00
9.403167160150258e-01
1.063387190603391e+00
-7.767255697557305e-01
-5.50996925098015e+00
-8.135900192640085e+00
-1.1310659494461728e+01
-1.3702953478684496e+01
-1.3620222171052395e+01
-1.6071040863096723e+01
-1.6044763358815988e+01
-1.631205615204754e+01
-1.2730078787136152e+01
-9.403205851343804e+00
-4.939726844195106e+00
-4.070909546724272e+00
-8.104822963347722e+00
-1.1117257428663496e+01
-1.4592325238889325e+01
-1.7806002396690324e+01
-1.805970971821938e+01
-1.8775501476567744e+01
-1.6839502862339337e+01
-1.4987028843143527e+01
-9.907314612361816e+00
-3.009819473605702e+00
1.2607439673635594e+00
1.2279791377786469e+00
-2.6724816143335266e+00
-5.7993336795006645e+00
-7.765162943129022e+00
-7.4482529775008715e+00
-4.350657864979176e+00
-1.8350379960236995e-01
2.5288195218722787e+00
1.3121905152565467e+00
-2.507089452608367e+00
-5.245687823739672e+00
-8.732198464270235e+00
-1.1781998359535253e+01
-1.2540670504928833e+01
-1.3997971506702806e+01
-1.3446406938400337e+01
-1.2654807697324419e+01
-1.055803989884666e+01
-7.874638698523099e+00
-4.742421811381495e+00
-4.166614326626214e+00
-8.138730064479768e+00
-1.2251532006352905e+01
-1.6165077289523115e+01
-2.118243123448042e+01
-2.2157131470253592e+01
-2.343448418606975e+01
-1.9276574289172412e+01
-1.5734525646741119e+01
-8.72133913545937e+00
-2.168089487253479e+00
2.11056272389623e+00
1.5157792027008223e+00
-2.604201685345621e+00
-6.157596395144508e+00
-8.14980516002352e+00
-7.553119322447756e+00
-3.8747428042556837e+00
4.130920580634129e-01
2.564988427989633e+00
2.2741429662511226e+00
-9.161984089938875e-01
-3.9383322947042805e+00
-7.036385341268234e+00
-9.30380040059677e+00
-1.0452921152890045e+01
-1.1445898653909836e+01
-9.94388017900372e+00
-9.318174193718598e+00
-8.13722524417633e+00
-6.313165109983174e+00
-3.358073815489116e+00
-4.262162611135394e+00
-8.680931571306624e+00
-1.3448654982141441e+01
-1.8694905296784444e+01
-2.3843826919077546e+01
-2.416594152577085e+01
-2.5525371150979094e+01
-2.067855400032487e+01
-1.5151236475837482e+01
-8.387565639465555e+00
-1.7388790731034094e+00
2.0433221355207616e+00
2.3213186780395105e+00
-1.14156191427333e+00
-3.957595982856593e+00
-4.885299974687172e+00
-3.819102369710912e+00
-6.804054271699885e-01
1.862787763086927e+00
2.257821866582573e+00
1.1765301467689615e+00
-1.4595964361776506e+00
-3.006369881837161e+00
-5.213667803362183e+00
-7.429336356250672e+00
-7.9654091771437034e+00
-8.746295575920605e+00
-7.734374593132414e+00
-8.426863933593506e+00
-7.7338172908083775e+00
-5.96056828277473e+00
-3.188350065890828e+00
-3.9537037090611458e+00
-8.503718023362971e+00
-1.3464142264925991e+01
-1.874017702409527e+01
-2.268224008154872e+01
-2.1937682563223134e+01
-2.4427302641133384e+01
-2.1083540878265257e+01
-1.7292177602891485e+01
-9.969850091212814e+00
-4.200862869066905e+00
4.3750458891384286e-01
2.515658776671562e+00
1.0921685191659964e+00
-1.8863510073276668e-01
-1.048433090008437e+00
-4.325752571622196e-01
1.5080310116040219e+00
2.829011390452871e+00
1.9807051781109257e+00
5.434687771884805e-01
-1.1290001018547946e+00
-1.9045316104639012e+00
-4.096732362816561e+00
-5.502749832757782e+00
-6.158010453382967e+00
-7.412215323004773e+00
-7.56434073039235e+00
-8.781638620840237e+00
-7.2607027586121315e+00
-5.3873492720207485e+00
-2.458235404423661e+00
-4.076203411110294e+00
-8.761112588876237e+00
-1.2456100134671203e+01
-1.669407814012011e+01
-2.0018380745450294e+01
-2.0176743837516213e+01
-2.217335225890491e+01
-2.1841876422706648e+01
-1.958276211464861e+01
-1.4233482045363791e+01
-8.501667455933182e+00
-3.287132107557331e+00
5.146843023750475e-01
1.8615937112886205e+00
2.2006412297791282e+00
1.59847248898838e+00
1.4938648157016163e+00
2.0947971929820652e+00
2.7134158562566073e+00
2.193532925851835e+00
1.0128555519227174e+00
8.685159804026259e-02
-9.783018271407175e-01
-3.2978087341530427e+00
-4.55046176045368e+00
-5.769353639284978e+00
-7.692707158792641e+00
-8.870200135005346e+00
-9.140260871358793e+00
-6.838729460069752e+00
-3.6677854707706006e+00
-1.2441576349753274e+00
-3.5973301996990346e+00
-6.90916365177473e+00
-9.919925483389015e+00
-1.2947377963211288e+01
-1.661223978356166e+01
-1.919992943617925e+01
-2.3340342909796462e+01
-2.3077956867405387e+01
-2.3139452730283494e+01
-1.8982559628983786e+01
-1.5271815002983242e+01
-9.512239332635772e+00
-4.589135749224981e+00
-1.0503458915755315e+00
3.349753847168607e-01
6.038328951393991e-01
5.069511171112236e-01
1.1199935583519784e+00
2.0861185056165974e+00
2.61888537435544e+00
2.436525395055504e+00
1.5110921511726236e+00
-2.947601343620131e-01
-2.9945331919522844e+00
-4.633169712216961e+00
-6.3475143528267415e+00
-8.81964003027085e+00
-8.593349397211616e+00
-8.540211462218869e+00
-5.69505096284293e+00
-2.8883629234401167e+00
-1.1324717572077725e+00
-3.4721026598621085e+00
-6.06615423148929e+00
-8.153947381918016e+00
-1.1052161956268327e+01
-1.5208496995532506e+01
-1.8789993545197312e+01
-2.434959176317e+01
-2.574572446976635e+01
-2.704940430591382e+01
-2.3809228365717143e+01
-2.1098619643525076e+01
-1.590934806400919e+01
-1.0593684640244517e+01
-6.105777034162918e+00
-3.0191913807204434e+00
-1.4255657002792963e+00
-7.237134783409559e-01
1.1519145923734162e-04
1.077312429137311e+00
2.3452315840452442e+00
2.911535547116947e+00
1.6758734457988744e+00
-4.462100062255406e-02
-2.9778367292341e+00
-5.724819036300041e+00
-7.824032912699452e+00
-9.837023621008399e+00
-8.904728411236704e+00
-7.984971576697793e+00
-5.621155516227901e+00
-3.835577669178214e+00
-2.089629575804405e+00
-2.9568705626150242e+00
-5.389836023420085e+00
-7.200685261673027e+00
-1.0011954206201587e+01
-1.3871315548188338e+01
-1.7312608830144594e+01
-2.368728876339085e+01
-2.6705418507473617e+01
-2.9669399064446026e+01
-2.5376122109079045e+01
-2.383866739536232e+01
-1.881693184077001e+01
-1.5383297244939621e+01
-1.0014085878587386e+01
-5.9069199696590555e+00
-2.797808534569033e+00
-1.444698375596644e+00
-1.102454432279086e+00
3.8399309233948553e-01
2.1226191134739323e+00
2.7583253853373164e+00
1.3327723245610916e+00
-4.497229366148645e-01
-3.5810660411450272e+00
-6.543304122112231e+00
-8.598897983188065e+00
-1.0369769556122028e+01
-9.044758179066614e+00
-8.346285256680648e+00
-5.983463740213147e+00
-4.576772938574916e+00
-2.6332200791204223e+00
-2.844025823431795e+00
-5.69396191464899e+00
-7.232653860845423e+00
-9.440175758861164e+00
-1.2353299858884744e+01
-1.6227418058651146e+01
-2.248646624945479e+01
-2.7665900736813914e+01
-2.9830145680707208e+01
-2.543652448887422e+01
-2.198560477153511e+01
-1.8611962938969185e+01
-1.4755600909369624e+01
-1.0402432387198255e+01
-5.902527184055918e+00
-2.835456759970384e+00
-1.6793048649218278e+00
-1.044956501459152e+00
6.696654206042015e-01
2.2429732112126253e+00
2.3520082456681792e+00
5.931078630477015e-01
-1.457338015777251e+00
-4.697218555782672e+00
-7.560611120013863e+00
-9.155288310235838e+00
-1.0332983111500335e+01
-9.343149665896489e+00
-8.449641046346906e+00
-6.186503626527172e+00
-4.247946529091816e+00
-2.818812462366051e+00
-2.335854214853973e+00
-4.83059491636259e+00
-7.1189716121723094e+00
-9.065758562681417e+00
-1.2048441805378907e+01
-1.5772970657622379e+01
-2.240273311392659e+01
-2.5253351700839133e+01
-2.6817242006082424e+01
-2.2385328383292954e+01
-1.901632561970066e+01
-1.4137949512377146e+01
-1.0775106801444775e+01
-7.504359595251616e+00
-4.772834039830759e+00
-2.312620564978039e+00
-8.273531675369451e-01
2.6839601854024775e-01
1.7238213085230996e+00
2.555764613131974e+00
2.2270373531858594e+00
8.51092404650596e-02
-2.472086717599228e+00
-5.284467418270037e+00
-8.054565016129239e+00
-9.3799980281851e+00
-1.067601781455848e+01
-9.500348852140084e+00
-8.661758337768466e+00
-6.27980166161339e+00
-4.254785690520816e+00
-2.580763845304348e+00
-2.369438764351294e+00
-4.783620125573943e+00
-7.248107337620693e+00
-9.674349433761542e+00
-1.2682393235171025e+01
-1.5679120868224315e+01
-2.072483156321442e+01
-2.189265274664445e+01
-2.1782838728503133e+01
-1.738320625090378e+01
-1.4209607203262376e+01
-1.0015813242205718e+01
-6.347675428399426e+00
-4.379188989925683e+00
-2.6837196478264302e+00
-7.890785260546395e-01
7.400936287502595e-01
1.5761351039610485e+00
2.3388037394443133e+00
2.0159138558218888e+00
1.1788889714913573e+00
-1.28016611963801e+00
-3.889222809882554e+00
-6.720940233003485e+00
-8.943525206902901e+00
-9.542583413685803e+00
-1.0853808022861143e+01
-1.0112036912312176e+01
-9.086753509725773e+00
-6.521802222794855e+00
-4.434832825182374e+00
-2.724750907905464e+00
-1.9892409010380065e+00
-4.340409826981473e+00
-6.643807503369781e+00
-8.807893752482771e+00
-1.1208017353835215e+01
-1.2622056109655881e+01
-1.64217955476779e+01
-1.7499758430680483e+01
-1.6756464916765484e+01
-1.270021186788069e+01
-9.832965795533653e+00
-6.549230712349493e+00
-3.6307136039471635e+00
-2.0388471794465586e+00
-6.246022028915778e-01
5.563578096142019e-01
1.8431011917256646e+00
2.103965622675619e+00
2.0866000250939534e+00
1.0425120222191249e+00
-1.3990613466872245e-01
-2.550207438592138e+00
-5.321227577099014e+00
-7.5815507496699945e+00
-9.482067710503433e+00
-9.765017906465204e+00
-1.1501355303267768e+01
-1.0796775269002408e+01
-9.635498574484057e+00
-6.487880193666456e+00
-4.448286554221525e+00
-2.805693637366179e+00
-1.775926306926349e+00
-3.942772437506664e+00
-5.586004212877607e+00
-7.159613724068188e+00
-8.999936391688856e+00
-1.0091511323755682e+01
-1.2009636759054978e+01
-1.265707513727611e+01
-1.2016921629017478e+01
-9.4208033853172e+00
-5.93709164401974e+00
-3.39076785685748e+00
-1.8087603853204577e+00
-7.598116371479515e-01
7.723158400713996e-01
1.7933459148217354e+00
2.1098909929613394e+00
1.5023861865092683e+00
9.283208150337487e-01
-2.9423412428753454e-01
-1.98813049056684e+00
-4.781696309933582e+00
-7.187370982894261e+00
-8.839719788097995e+00
-1.0306442020778338e+01
-1.064547018001074e+01
-1.1271869903869597e+01
-1.0381088992370453e+01
-8.913198022365728e+00
-6.220468285525897e+00
-3.9437789977672932e+00
-2.5632367805067515e+00
-1.4412890994921301e+00
-3.2122205762123595e+00
-5.097015981022499e+00
-6.45370236930654e+00
-8.945173975230091e+00
-9.88546094157774e+00
-1.0940122172232503e+01
-9.77141239476716e+00
-8.892217216797015e+00
-6.182727746835732e+00
-3.7854497674916434e+00
-1.5948490561347168e+00
-3.429503807180227e-02
6.978167950982792e-01
1.738858378163279e+00
2.1778777061054964e+00
2.113806232327718e+00
6.582014975456182e-01
-6.539096701834427e-01
-1.9901013786767827e+00
-4.1559263610912955e+00
-6.412144253979592e+00
-9.095933604894249e+00
-1.000766154214874e+01
-1.1313699010221944e+01
-1.0904986074122318e+01
-1.0610950475260486e+01
-8.6554282540219e+00
-7.885927917117042e+00
-5.988260753039175e+00
-4.4059362895875305e+00
-3.029823992587582e+00
-1.612563961793631e+00
-3.2091648297660678e+00
-5.344618607919535e+00
-7.614362705229253e+00
-1.0102959975854478e+01
-1.0349554728945973e+01
-1.0654897576425466e+01
-8.433753269888689e+00
-5.96352638419178e+00
-3.6851347175165445e+00
-1.4818908301646099e+00
8.040533201895705e-01
2.179638087921012e+00
2.2604887329867425e+00
2.5392141082641064e+00
1.9490221930922098e+00
1.0655519453702382e+00
-1.4062667925364853e+00
-3.284372916366586e+00
-5.687215832497029e+00
-8.110329184406122e+00
-1.0187947593749211e+01
-1.2110919517152382e+01
-1.207852574105181e+01
-1.2043240829290204e+01
-1.0340825777354462e+01
-9.886390169544118e+00
-8.320430106626013e+00
-7.367327759543049e+00
-5.866843583870178e+00
-5.106343043205535e+00
-3.7645863831254442e+00
-1.665716507629581e+00
-3.374907124920206e+00
-5.492706029857858e+00
-7.308537583580976e+00
-9.132027817666511e+00
-8.890590088687123e+00
-8.735300323423697e+00
-6.810535958582367e+00
-4.547175804096316e+00
-2.1736441253123324e+00
2.4454046998334034e-01
2.100818504429389e+00
2.887734674452738e+00
2.4562295059228125e+00
1.8092654599732012e+00
2.1922017296705862e-01
-1.76931612261727e+00
-4.395491857109022e+00
-7.184337831416556e+00
-9.081531275622208e+00
-1.1984285641736983e+01
-1.2746424378532549e+01
-1.4132701002382559e+01
-1.2587845693903956e+01
-1.1712609534931987e+01
-9.703142451325494e+00
-9.155999792470828e+00
-7.510030832337604e+00
-6.445524020625655e+00
-5.445540724330937e+00
-5.043921112859622e+00
-3.807182660977475e+00
-1.8328508196337991e+00
-3.626740575569126e+00
-4.750822150512901e+00
-5.494439861882233e+00
-6.35657914126353e+00
-5.774360873461857e+00
-4.861825003105844e+00
-4.054690156463436e+00
-3.2326774544337513e+00
-2.36407003445591e+00
-8.05848616159021e-01
-1.4477448720505712e-01
-1.7356892747126898e-01
-1.2891778785120525e+00
-2.2983309261594127e+00
-4.254627339017179e+00
-6.359363185539672e+00
-8.645880711699656e+00
-1.0467749013213488e+01
-1.205415283571171e+01
-1.3912052916185804e+01
-1.3823772000398929e+01
-1.3475469143862e+01
-1.1698033326735098e+01
-1.0466903470575176e+01
-9.111246840205785e+00
-7.692374777028256e+00
-6.324878569783594e+00
-5.637912979643186e+00
-5.1026852439228225e+00
-4.487409487437579e+00
-3.845095935970218e+00
-1.4469624051148087e+00
-2.7103947902533387e+00
-3.322786121322499e+00
-3.3659054830097817e+00
-3.65086304590959e+00
-3.408566929524055e+00
-3.1849745256255533e+00
-2.9002331881471908e+00
-3.3641299454364586e+00
-3.5632983013482065e+00
-4.05166050812331e+00
-3.961713236445393e+00
-4.535034281275783e+00
-5.018422838557162e+00
-5.978386111390267e+00
-6.702582740205118e+00
-8.335871180958948e+00
-9.168250808573706e+00
-1.0366465691400805e+01
-1.0831593251912391e+01
-1.2353704683455133e+01
-1.1699976101597464e+01
-1.1237497675703324e+01
-9.458935805894987e+00
-8.908929853399592e+00
-7.82009189590743e+00
-6.496731607370444e+00
-4.726337916457882e+00
-4.67086321073485e+00
-4.641346630363538e+00
-4.578536734653191e+00
-3.8658185709100845e+00
-8.772944116928914e-01
-1.4935739641246033e+00
-1.670754141618623e+00
-1.8477615945130306e+00
-2.1798524166307223e+00
-2.2371101767330974e+00
-2.536354217124218e+00
-2.8790278849944477e+00
-3.7558340856131243e+00
-5.035051829196884e+00
-5.880425682310968e+00
-5.141686867496293e+00
-5.053155187634091e+00
-5.379043573475705e+00
-5.907819693367274e+00
-5.643730361929089e+00
-6.0984627068476795e+00
-6.595624946769443e+00
-7.640558750950964e+00
-8.072369386367274e+00
-8.744077984800928e+00
-7.774421081634328e+00
-8.23716213908911e+00
-7.495265325525115e+00
-6.77849803900669e+00
-5.587890017265594e+00
-4.444540480304184e+00
-3.196279410861049e+00
-2.905939573139308e+00
-3.206073483855328e+00
-3.757515527045652e+00
-3.092846488741965e+00
-1.9234499637014527e-01
-6.104141417791775e-01
-6.656849110799721e-01
-1.0139893964680664e+00
-1.2980462447131613e+00
-1.4504662255488634e+00
-1.818309920455995e+00
-2.193735251845723e+00
-2.6324335463833783e+00
-3.696044592692499e+00
-4.111503132566433e+00
-2.9992876978544833e+00
-2.76464882411718e+00
-3.0571110962165426e+00
-3.206326915047393e+00
-2.8809154187343866e+00
-2.640701684173261e+00
-3.0857624480744876e+00
-3.8664005441605327e+00
-4.462574888060375e+00
-4.5030802881076175e+00
-4.12146463282427e+00
-4.8724153008988385e+00
-4.5732709225403205e+00
-3.925178775895738e+00
-2.9604438749516078e+00
-2.2325871660093926e+00
-1.5650347005617078e+00
-1.4028373554421827e+00
-1.7948597877885788e+00
-2.125417387432207e+00
-1.6381303119293957e+00
