-4.257370777676656e-01
-7.743045180999021e-01
-7.773277462850604e-01
-8.10101524821499e-01
-7.939349879117689e-01
-6.81391917339151e-01
-6.3893778271677e-01
-8.399793518805561e-01
-1.3824127780381164e+00
-1.866004284143683e+00
-1.8732558059779514e+00
-1.7171414015429203e+00
-1.7333691431033225e+00
-1.495977342105018e+00
-1.2508563651341318e+00
-9.677284079209075e-01
-1.2033114246239363e+00
-1.5019824395750683e+00
-1.5018744709162781e+00
-1.912955603268787e+00
-2.631493412846741e+00
-2.7977757155741396e+00
-2.614842259051779e+00
-2.4034181660935117e+00
-2.4379457013925956e+00
-2.186136682551096e+00
-1.9750757977112203e+00
-1.8254568838602132e+00
-1.834071379021254e+00
-1.5181226848634133e+00
-1.231989796355159e+00
-9.888160020641696e-01
-7.634169425545425e-01
-1.179868824600377e+00
-1.4000081014570807e+00
-1.639688371120079e+00
-1.885166225182088e+00
-1.7738063873560024e+00
-1.744600165090593e+00
-1.7618548244029306e+00
-2.358537002234768e+00
-2.758336413293941e+00
-2.8392987893508668e+00
-2.432161086811107e+00
-2.638318457702862e+00
-2.6568584436589773e+00
-2.4567964088818326e+00
-1.9881954832787008e+00
-2.217877399735999e+00
-2.6230303202711385e+00
-2.9783635142577216e+00
-3.8358144339153633e+00
-5.302857547701923e+00
-5.328208071639571e+00
-5.179587120081162e+00
-4.314820532748525e+00
-4.113942700231104e+00
-3.890794094825273e+00
-3.9103079835600787e+00
-3.3017030622316583e+00
-3.533013901496377e+00
-2.9404148405528305e+00
-2.379610236139938e+00
-1.8890203919422401e+00
-1.2129698991611668e+00
-2.227287910472055e+00
-3.256786620364523e+00
-3.659277148000632e+00
-3.9831848302179154e+00
-3.8710328677666297e+00
-4.0648266551379715e+00
-3.7723127335678943e+00
-3.9804023893826583e+00
-4.29112775871146e+00
-4.620837652062382e+00
-4.175234364550615e+00
-4.409938992998135e+00
-4.547521736481275e+00
-4.735254402740895e+00
-4.381298784907388e+00
-4.2443229575394295e+00
-5.144349794220096e+00
-6.596943696728167e+00
-7.997337901745039e+00
-9.488864890336535e+00
-9.497107518034904e+00
-9.384832172788814e+00
-7.84514805547561e+00
-7.128964856062191e+00
-6.810312696513542e+00
-6.688045289418314e+00
-5.8061862817387775e+00
-5.4469160713949965e+00
-4.299155076127172e+00
-3.861750785311656e+00
-3.105424686306489e+00
-1.686772016309183e+00
-3.1978028636594846e+00
-4.499140713599248e+00
-4.837814987702496e+00
-5.312971434244121e+00
-5.057004720800638e+00
-5.554539336860797e+00
-5.253760807277251e+00
-5.68417952984661e+00
-5.6254925561089095e+00
-6.396090378131255e+00
-6.005644440657424e+00
-6.358518686625858e+00
-6.241567076427928e+00
-6.6088522657895705e+00
-5.763734786898208e+00
-5.734965734911567e+00
-7.313289861073393e+00
-9.371783347368106e+00
-1.0917430542997735e+01
-1.3012088641035698e+01
-1.2443597888362099e+01
-1.3144944152615254e+01
-1.1090514276224235e+01
-1.043717277073204e+01
-8.894237118671233e+00
-8.73799443021269e+00
-7.310314028125172e+00
-6.770020011232741e+00
-5.558953296135433e+00
-4.999869878601991e+00
-3.931316975130134e+00
-2.1725652763451198e+00
-3.695468106838899e+00
-4.3111585773645045e+00
-4.815540695769234e+00
-5.662816059578857e+00
-6.115504442941466e+00
-6.802616557558333e+00
-7.162262896489231e+00
-7.985943590350267e+00
-8.148858745738305e+00
-8.030922629266074e+00
-7.677546115439824e+00
-7.771624829524819e+00
-7.855432895042772e+00
-7.202047735186346e+00
-6.100052659738139e+00
-6.06620946327092e+00
-8.004472831457207e+00
-9.822622604733159e+00
-1.2564866259961782e+01
-1.5096951523382245e+01
-1.588490051533218e+01
-1.6503214479883173e+01
-1.5205269280262934e+01
-1.3389690199527458e+01
-1.1414637015521361e+01
-9.800483205620973e+00
-8.36878352956557e+00
-7.4579500632750335e+00
-6.56049140955643e+00
-5.254120954184851e+00
-3.8717114927887746e+00
-1.848738168541609e+00
-2.905841908404891e+00
-3.5033439706928706e+00
-4.42997977047952e+00
-5.920784025164839e+00
-7.015508086764041e+00
-8.564205600085304e+00
-8.74825493629754e+00
-9.92129908736009e+00
-9.77145840718754e+00
-9.849168225806125e+00
-8.673568158302947e+00
-8.808372813598709e+00
-8.132858704519995e+00
-6.89966446055196e+00
-5.640419244116022e+00
-5.691945480470436e+00
-7.382734703483382e+00
-1.0582423486669743e+01
-1.3515769916526867e+01
-1.7285843940950873e+01
-1.8902846695392775e+01
-2.099858501517477e+01
-1.899017556108694e+01
-1.765893528815534e+01
-1.4224100296918111e+01
-1.224610722179654e+01
-9.270001983990952e+00
-7.738921882967468e+00
-5.901231079431755e+00
-4.444385045397507e+00
-2.6147573444667094e+00
-1.355813522516937e+00
-2.3334783729943402e+00
-3.146587466808768e+00
-4.776148466004314e+00
-6.672875670465041e+00
-8.121300592450883e+00
-9.91537524899783e+00
-1.0291683589007473e+01
-1.0771015189651354e+01
-9.90822612197621e+00
-1.0163903349770965e+01
-8.867419517122922e+00
-7.714982386668266e+00
-5.893501351267908e+00
-4.6916673303611045e+00
-4.2402658504146125e+00
-5.270158446090052e+00
-7.995743295463531e+00
-1.1565106436947758e+01
-1.4327623490439343e+01
-1.8379819484828445e+01
-2.0246555875778483e+01
-2.413291873938103e+01
-2.3209357763367766e+01
-2.1566777169178945e+01
-1.747855132811507e+01
-1.503240602978759e+01
-1.0958434795320402e+01
-7.258003317121899e+00
-4.534861844205486e+00
-2.559384089884382e+00
-1.0950170054082875e+00
-1.241886059661402e+00
-2.52038535446801e+00
-3.682355905926539e+00
-5.187204425097883e+00
-7.048901611853278e+00
-7.921066566380561e+00
-9.490733537206749e+00
-9.875920317636226e+00
-9.923857295757475e+00
-8.53284644455434e+00
-8.193014553053937e+00
-6.295517948218046e+00
-4.338602811388552e+00
-2.4087678990020867e+00
-1.0293319752841763e+00
-1.9032381076893972e+00
-3.7596406726329303e+00
-6.998974223645717e+00
-9.650848818104208e+00
-1.2194807872244095e+01
-1.5829306673976635e+01
-1.7974504227900926e+01
-2.2104678880174625e+01
-2.2077045208823986e+01
-2.1621341319582076e+01
-1.747686531513538e+01
-1.5553087856234095e+01
-1.1161627325989171e+01
-7.4693317030143165e+00
-4.028320500449975e+00
-1.5298512167043568e+00
-4.0592312455404095e-01
-1.8940394502238145e+00
-3.645231155792403e+00
-4.735380753195326e+00
-5.820445323705894e+00
-7.211641435685458e+00
-7.7048467889130645e+00
-8.389602581409163e+00
-8.47062250477661e+00
-8.406042099443477e+00
-7.12048102164682e+00
-5.372269283855681e+00
-3.373644760521283e+00
-1.585689895267429e+00
-3.7457956348118226e-01
9.16416373192682e-01
1.354440332713804e-01
-2.2423333230172298e+00
-5.741259751091677e+00
-7.89208674031337e+00
-1.0975341802306414e+01
-1.462015162877371e+01
-1.636431849336677e+01
-1.7762787932787575e+01
-1.830238553444119e+01
-1.853129155632166e+01
-1.5739919214110294e+01
-1.3268930175029064e+01
-1.043447653551842e+01
-7.267796955944946e+00
-4.498102658584e+00
-1.4252633172394837e+00
9.032272266623694e-05
-2.2446016874368446e+00
-3.9506337184374973e+00
-5.5820775552193e+00
-6.396232684138122e+00
-7.7947254990131185e+00
-7.631981797966236e+00
-7.704597369225375e+00
-6.791363310465265e+00
-6.198238689673821e+00
-4.955218390187609e+00
-3.742481669010327e+00
-1.9292641427753685e+00
-4.154498611783417e-01
6.277248052693255e-01
1.8767498284264432e+00
1.281803937820794e+00
-3.867590437284377e-01
-3.502005798949068e+00
-6.229722507304603e+00
-9.71685655576893e+00
-1.310177725748575e+01
-1.398752840990931e+01
-1.5196148986615126e+01
-1.5063498954864325e+01
-1.6013722799950713e+01
-1.4200179606488543e+01
-1.291870549753496e+01
-1.0181795921473075e+01
-7.723685663546137e+00
-5.415821134426276e+00
-3.1516747885733043e+00
-9.557784198768086e-01
-2.8705286025305004e+00
-5.121187528862668e+00
-7.271192248441409e+00
-8.176013949483844e+00
-9.205034663004026e+00
-7.980243257751122e+00
-6.948079789662102e+00
-4.78435498018973e+00
-3.6239591132363542e+00
-3.0121752069581365e+00
-2.4717894808918497e+00
-9.710708778763352e-01
6.16643993514252e-01
1.4360578406230984e+00
2.3395413218238295e+00
1.534026012872843e+00
2.3293935764383752e-01
-2.652755773211615e+00
-5.017220176868042e+00
-8.024829072548517e+00
-1.0763565192980119e+01
-1.1583008847420471e+01
-1.2928745442783471e+01
-1.3293249981706616e+01
-1.43892974931192e+01
-1.2915555940894016e+01
-1.2855708818398593e+01
-1.1100570891778503e+01
-9.356736632690943e+00
-7.597424848632849e+00
-5.185217984420586e+00
-2.530831580108856e+00
-3.1110174508425197e+00
-5.577708856585966e+00
-7.917000837041827e+00
-9.044924577702282e+00
-9.861000257924289e+00
-7.559609564695645e+00
-5.774107597721665e+00
-3.365604052266494e+00
-2.481032053833694e+00
-2.106021162235697e+00
-1.2534307587492621e+00
2.3687588491424022e-01
1.6775426043707242e+00
2.1964569207694944e+00
2.689767205084676e+00
1.718556391269145e+00
1.7199652579533656e-01
-2.68605256471027e+00
-4.2996464100272735e+00
-6.219754654391911e+00
-7.693642479605091e+00
-8.983976257690026e+00
-1.097413056176227e+01
-1.1971009741029404e+01
-1.3064273394760825e+01
-1.2179228747493015e+01
-1.3522058442556178e+01
-1.2322847378822239e+01
-1.1749537011182397e+01
-9.700712312768848e+00
-7.340847263712503e+00
-3.9012986365547695e+00
-3.1216588000695213e+00
-5.851754048452823e+00
-7.855109915722429e+00
-9.298797627936784e+00
-9.673334450957157e+00
-7.4414008825178515e+00
-5.00180449359425e+00
-2.743641158316975e+00
-1.8524908908973527e+00
-1.2490583607884338e+00
3.344558124815553e-01
1.7090217851867981e+00
2.4962085281100443e+00
2.426141068238174e+00
2.3300045217226293e+00
1.5180858302003148e+00
-9.70136222642986e-02
-2.197817031461889e+00
-3.0464064902846197e+00
-3.721553979502622e+00
-5.141439613497584e+00
-7.499115218157531e+00
-9.533646082526124e+00
-1.1337295682724033e+01
-1.2684200319807264e+01
-1.2173615322841137e+01
-1.3185659436625105e+01
-1.3297504075600017e+01
-1.2919455992765956e+01
-1.1165064308375179e+01
-7.8558270173431675e+00
-4.290824838122669e+00
-2.655365802487564e+00
-5.33334911150554e+00
-7.369659289138225e+00
-8.234531704575396e+00
-8.642270674605495e+00
-7.08495311675616e+00
-5.665840422479192e+00
-3.3174466512827534e+00
-1.7940986377933499e+00
-3.7570826153600434e-01
1.3769621024686107e+00
2.4034027867330123e+00
2.794365776199345e+00
1.8567811516981167e+00
1.2990407547831855e+00
1.0184975973778343e+00
7.20317957121456e-01
-1.501627543782595e-01
-5.187017918982728e-01
-1.6815502037505285e+00
-2.6966696017292824e+00
-5.119898359182291e+00
-7.677363903713417e+00
-9.36542633704488e+00
-1.1125694990090539e+01
-1.1435071396071692e+01
-1.280368480116365e+01
-1.2405040059279031e+01
-1.254566337009562e+01
-1.0951770929601325e+01
-8.08324058258627e+00
-4.166236159758034e+00
-2.650937108526827e+00
-5.169124413136319e+00
-6.974352808300517e+00
-7.590582979973888e+00
-7.749766746236877e+00
-6.561716948394164e+00
-6.156121932119158e+00
-4.610107025393647e+00
-2.715852648670583e+00
-5.4157267577581e-01
1.7157554415454344e+00
2.614841844713296e+00
2.437749186232448e+00
8.739251961109314e-01
-3.713940368669981e-02
1.7002627983149718e-01
1.4045141077320897e+00
1.8575859085895614e+00
1.5976888594413337e+00
1.8815331467280336e-01
-9.566750723481345e-01
-2.9061935664037257e+00
-4.861558504693176e+00
-6.8350777799727185e+00
-8.81159995376286e+00
-9.140268159941458e+00
-1.1117261401138888e+01
-1.126943070265252e+01
-1.1965524353451519e+01
-1.036437623240852e+01
-7.845683721726782e+00
-4.495767864081726e+00
-2.482164615101772e+00
-4.983762482358664e+00
-6.701764843395816e+00
-7.798358439069107e+00
-8.21688625520347e+00
-6.840600975881955e+00
-7.283987363948916e+00
-6.310128916872073e+00
-4.369443074467895e+00
-1.5054953235010227e+00
1.2821970265576152e+00
2.290105986453655e+00
2.19904377540388e+00
3.509551859557971e-01
-5.991904463723837e-01
-3.374289995107595e-01
1.3799686097264852e+00
2.535581029745993e+00
2.63973900521273e+00
1.6981107834864226e+00
7.988144106419137e-01
-1.0290126853347936e+00
-2.2266833809492383e+00
-4.341634718565786e+00
-5.802337013186429e+00
-6.671095885099077e+00
-9.101197146081562e+00
-1.0119381895710214e+01
-1.149926135593972e+01
-9.930615292009918e+00
-8.034310953628118e+00
-4.358719009374612e+00
-2.710570826488606e+00
-5.31271003566646e+00
-6.758290859019519e+00
-8.303650277395898e+00
-9.612912817002991e+00
-9.097522816751695e+00
-9.106216577945386e+00
-8.003885988481747e+00
-6.009322821743909e+00
-2.8109182101794055e+00
7.484263718374345e-01
2.320879191809542e+00
2.1141669984499716e+00
5.710092081705038e-01
-6.063088092846864e-01
-6.177272017019255e-01
9.007627170626498e-01
2.031299668606743e+00
2.955014153808525e+00
3.1840340405792764e+00
2.3888148995272043e+00
1.0527283638289147e+00
-3.2536058396694884e-01
-2.413687413883945e+00
-4.149296258117118e+00
-5.544108036687373e+00
-7.830435993098385e+00
-9.94560579737022e+00
-1.1792426440484615e+01
-1.0787811409046054e+01
-7.508721215773615e+00
-3.7903401151024534e+00
-2.5414330117574813e+00
-4.818832346697734e+00
-6.849766434467674e+00
-9.229241900726052e+00
-1.2025558985160808e+01
-1.190779705546504e+01
-1.197364887458882e+01
-9.52263570803225e+00
-7.427748208307328e+00
-3.6338371904773363e+00
1.4672204820508772e-01
2.377131735329417e+00
2.7942942055543916e+00
1.25577062080823e+00
-3.838892692695386e-01
-9.102490168885659e-01
2.0256306229717902e-01
1.4034603328854893e+00
2.7536195224780897e+00
3.386320292065241e+00
3.2381709594838872e+00
2.2587874953336855e+00
5.70108954102475e-01
-2.2956245831368802e+00
-4.07379801367482e+00
-5.755828030924404e+00
-8.220926309158493e+00
-9.460141126026759e+00
-1.2080758531779995e+01
-1.1131441322949552e+01
-7.783393178581804e+00
-3.6296627162101958e+00
-2.7569146237292808e+00
-5.42085365985361e+00
-8.310673594622605e+00
-1.1734260274325592e+01
-1.4782902163835297e+01
-1.4507645049579299e+01
-1.4845308864036909e+01
-1.1909208009325651e+01
-8.748476335895976e+00
-4.122692815630767e+00
1.4193283188850758e-01
2.5887739502420932e+00
3.6518710675704034e+00
1.7916933737504719e+00
1.9414798681197235e-01
-2.12129499508326e-01
2.3507185884981027e-01
8.329516936473909e-01
1.2091973484273606e+00
1.8822369157826842e+00
2.662259177333699e+00
1.892662044530314e+00
3.3783960671283524e-02
-3.1588776644983985e+00
-5.9053160550410775e+00
-7.688474065644975e+00
-9.652495235183556e+00
-1.0195469517399363e+01
-1.1992287291219467e+01
-1.0419243972210495e+01
-7.53150802776528e+00
-3.9335878013599688e+00
-3.006071499684067e+00
-6.3706425398980695e+00
-9.819494557572009e+00
-1.3210155023360604e+01
-1.5776760103678658e+01
-1.4804498028958474e+01
-1.588443276811348e+01
-1.3166232089698495e+01
-1.0240755529555198e+01
-4.6227078151427445e+00
-6.329351937494548e-01
2.5895484229970354e+00
4.427925912724896e+00
3.4333636268439474e+00
2.075831644540796e+00
1.003376546376438e+00
4.739311017614989e-02
-6.002629208359663e-01
-5.556940660970394e-01
8.934879060473974e-01
2.3930900040875045e+00
1.1052971750475422e+00
-1.1533270553510113e+00
-4.554725393507422e+00
-7.703223285657291e+00
-9.428572790392105e+00
-1.1630206049929239e+01
-1.1351273138339383e+01
-1.2344053487149651e+01
-9.86605812847843e+00
-7.524479333548275e+00
-3.9365324330670397e+00
-3.722180455552933e+00
-7.798580203843742e+00
-1.0804914609665504e+01
-1.385113168301382e+01
-1.6014813335897493e+01
-1.5780704850045712e+01
-1.743215886419738e+01
-1.6413797900576306e+01
-1.3704993018777577e+01
-8.56351536567241e+00
-3.7705923143129745e+00
1.3438707744700976e-01
3.0935495622446356e+00
3.618151674091718e+00
2.9171205673508545e+00
8.96834123218174e-01
-9.537355110905663e-01
-2.079447819560013e+00
-1.1806418027831704e+00
1.6565635359078956e+00
2.6238289650954347e+00
1.5459059983844103e-01
-2.7642768740359474e+00
-6.491698668332233e+00
-9.184552701121678e+00
-1.1140951727537193e+01
-1.3159197297501368e+01
-1.2773347824672276e+01
-1.2341074848575454e+01
-9.943090297898728e+00
-6.476901694677032e+00
-3.163713773832015e+00
-3.5671136453983516e+00
-7.07949729494727e+00
-1.0053963505788984e+01
-1.2843063230955355e+01
-1.5286721166667611e+01
-1.6803473185033496e+01
-2.054374531290272e+01
-1.9088924165772784e+01
-1.8731434606664134e+01
-1.444315718192563e+01
-1.2718492084652722e+01
-8.34667500800918e+00
-4.983597501141168e+00
-2.0024772949011886e+00
-1.8653108917087666e+00
-2.323415418480156e+00
-2.852571016636036e+00
-2.3931457035999077e+00
-6.559520473651708e-01
2.6969064830649634e+00
3.3265170330973297e+00
3.832813881538011e-01
-3.446242984364668e+00
-7.351048032128477e+00
-1.0462498014596799e+01
-1.228611095020577e+01
-1.4871359662874037e+01
-1.3876803608891919e+01
-1.3231320764383279e+01
-9.99486974138874e+00
-5.8050715531518895e+00
-2.246045542835967e+00
-3.2441082154679046e+00
-6.290908296338921e+00
-8.531198676690751e+00
-1.1664833971819164e+01
-1.5123393765936134e+01
-1.8039443151759592e+01
-2.335051065740844e+01
-2.5267491813629277e+01
-2.649149060496847e+01
-2.5058564953924463e+01
-2.635265107376735e+01
-2.249238434906759e+01
-1.744494041353819e+01
-1.3141678052017935e+01
-9.801503942889969e+00
-6.8093623149135905e+00
-4.742320123250065e+00
-2.852568441226812e+00
9.408999114642073e-03
2.851625029918063e+00
3.56029570983914e+00
1.5665556855079107e-01
-3.9304084908918155e+00
-8.519636585725435e+00
-1.2121088629048671e+01
-1.3757075433772803e+01
-1.6385791670253255e+01
-1.540646650290171e+01
-1.4207955558433207e+01
-9.495430235481363e+00
-4.482996028842761e+00
-1.3670766908301433e+00
-2.7085274283908447e+00
-4.933422830704749e+00
-6.440065094478576e+00
-9.888808864173232e+00
-1.351695631345214e+01
-1.789472392141208e+01
-2.4682733359544688e+01
-2.8928877538960624e+01
-3.288448861901422e+01
-3.2244181618602035e+01
-3.722363529517568e+01
-3.1748401737148754e+01
-2.933782489669199e+01
-2.2174629559174868e+01
-1.815177090272324e+01
-1.2824350138150278e+01
-9.622414177326718e+00
-5.343543838722223e+00
-1.2102288049382448e+00
2.299644256825912e+00
3.3617459628555126e+00
8.541900499149307e-02
-3.7922571431405836e+00
-8.377489606062014e+00
-1.1785660456679215e+01
-1.369276935782979e+01
-1.7667374996023092e+01
-1.7004464034050287e+01
-1.5632181165131003e+01
-9.403985403716156e+00
-4.086164052557177e+00
-8.189678030000591e-01
-2.769835500136125e+00
-5.10653415957648e+00
-5.354887771618596e+00
-8.218673962037043e+00
-1.217757209765177e+01
-1.837815844876318e+01
-2.560980053275599e+01
-3.249655609724127e+01
-3.814726555313992e+01
-3.95472195677118e+01
-4.1193619900764546e+01
-4.00457124769493e+01
-3.783182687781149e+01
-3.120428319861938e+01
-2.5606262926030734e+01
-1.982097450941114e+01
-1.4710075152698428e+01
-9.777886862299003e+00
-3.0924772926388853e+00
1.685845116144297e+00
2.4930816184780333e+00
-4.320629857958581e-01
-3.8915903670060406e+00
-8.447427425643761e+00
-1.1444038376368368e+01
-1.3297704838311915e+01
-1.6526013071669674e+01
-1.664526075011151e+01
-1.4709903692074901e+01
-9.542227104161142e+00
-3.5209681790858522e+00
-1.6473330751135884e-01
-2.8982417732409083e+00
-4.658168051161096e+00
-5.032712705478205e+00
-6.983330550813007e+00
-1.1814008264782526e+01
-1.869696156348192e+01
-2.7754787292397907e+01
-3.398804974941231e+01
-4.146249840858452e+01
-4.273737209684778e+01
-4.50284975826171e+01
-4.311004027538127e+01
-4.7167075406845456e+01
-4.140163573611102e+01
-3.601651814608961e+01
-2.6468401270548664e+01
-1.9848383924579743e+01
-1.204154513539644e+01
-4.650162554450727e+00
9.14211578585202e-01
2.6399258070413496e+00
3.022988543433583e-01
-3.475867098305313e+00
-7.787072496506465e+00
-1.0568114185028321e+01
-1.1718499847835034e+01
-1.3632956432885337e+01
-1.2788771575490959e+01
-1.1630778789872606e+01
-7.952004837229916e+00
-3.2427206265789397e+00
-7.22344629052221e-02
-4.308570208492123e+00
-6.818465360294058e+00
-8.024641617169634e+00
-9.845968838927748e+00
-1.4300341428760373e+01
-2.0491002153869797e+01
-2.8812846430782255e+01
-3.5095299263144575e+01
-4.175279565811552e+01
-4.122320707868184e+01
-4.699850205042967e+01
-4.92228819859417e+01
-5.347132903231573e+01
-4.865124621421965e+01
-4.493868374162747e+01
-3.422204908391933e+01
-2.2878435026366898e+01
-1.3074591340783742e+01
-4.595948981057179e+00
8.71227349307603e-01
3.046568088424741e+00
3.9118672655883396e-01
-2.941224549306624e+00
-6.987724191283535e+00
-9.197496604337683e+00
-9.157635250629362e+00
-1.0397191433531694e+01
-9.720887838632429e+00
-8.94131938271171e+00
-6.570267708107606e+00
-3.20420802443147e+00
-7.064195985461917e-01
-5.667435186519337e+00
-8.798799547220504e+00
-1.13832874042346e+01
-1.2489484048295894e+01
-1.5679053380187728e+01
-1.869802638938263e+01
-2.5350082556924313e+01
-3.0718566701389328e+01
-3.561642055976152e+01
-3.6379487305773516e+01
-4.387594508230346e+01
-4.5640466020991035e+01
-4.903214738352792e+01
-4.513282562464725e+01
-4.514839904698889e+01
-3.553981759608043e+01
-2.614557593526581e+01
-1.3762220169000987e+01
-4.049006141690377e+00
1.8444406497854586e+00
3.970773646951491e+00
8.019915652445886e-01
-2.1971235850328155e+00
-5.334034078320981e+00
-7.2914252076769595e+00
-8.021190353624933e+00
-9.928371410206715e+00
-9.23912876617246e+00
-8.734520825178297e+00
-6.112152701715425e+00
-3.853153627033849e+00
-1.7890371562887837e+00
-6.517418375268662e+00
-1.1030999967758497e+01
-1.3670574782774594e+01
-1.4569296449458045e+01
-1.5681987343135072e+01
-1.779496685292231e+01
-2.0955417342544532e+01
-2.390314938425855e+01
-2.6721896203227256e+01
-2.993647691479246e+01
-3.407598039188396e+01
-3.583217587011283e+01
-3.7668797388180025e+01
-3.634844295661188e+01
-3.568012120557148e+01
-3.153818464246928e+01
-2.3073524170625735e+01
-1.3750529905948044e+01
-3.562298339513265e+00
1.4928435472969577e+00
2.9832923369322035e+00
9.676468578858292e-02
-1.890477615714245e+00
-4.60537553017762e+00
-7.223746623865924e+00
-8.708875571141578e+00
-9.765314688334318e+00
-8.765043667323011e+00
-7.9935260719600905e+00
-6.42406656918714e+00
-4.308972901644578e+00
-2.5320135455634825e+00
-6.176358208453829e+00
-1.02996522751723e+01
-1.3520768177511242e+01
-1.4033647309467614e+01
-1.622041418367918e+01
-1.701506374216605e+01
-1.8556785798736858e+01
-1.8015553981910887e+01
-1.8717530297297532e+01
-2.015923191735378e+01
-2.2582280349997173e+01
-2.2306167870683392e+01
-2.486488842792722e+01
-2.55167409520732e+01
-2.7279145355445053e+01
-2.4022209535830815e+01
-1.9090250951938422e+01
-1.2474164833788121e+01
-6.112841521256126e+00
-3.1906877135404685e+00
-1.6952017163242432e+00
-2.3563286781323587e+00
-2.8842398541933583e+00
-4.761126990285886e+00
-7.011757458722143e+00
-7.799761281525384e+00
-8.163369006408775e+00
-7.07052444724941e+00
-7.198575153728445e+00
-6.560827685695057e+00
-4.943445083871099e+00
-3.0370781177977997e+00
-4.740899842156435e+00
-8.235704852015068e+00
-1.1325518179411619e+01
-1.264807208822481e+01
-1.4317756168147794e+01
-1.3686749855453975e+01
-1.470807899591644e+01
-1.3331364926768382e+01
-1.1621145229473923e+01
-1.0976381841518746e+01
-1.1788052497801784e+01
-1.1912184062070251e+01
-1.3853630864371892e+01
-1.5722930976558114e+01
-1.8440488299743052e+01
-1.6638812864303503e+01
-1.2944975826433087e+01
-9.68815161814721e+00
-7.586133990594206e+00
-5.262918850076637e+00
-3.0662294608099514e+00
-2.9496997521443427e+00
-3.5814791215701396e+00
-4.263890979176594e+00
-5.007699285366793e+00
-4.753951933683488e+00
-5.552538577400803e+00
-5.382845525130896e+00
-6.162126315232059e+00
-5.617434847020518e+00
-4.852898503462914e+00
-3.108336948551397e+00
-2.643047391323859e+00
-5.027907380097223e+00
-7.002596491206662e+00
-7.7855953361529515e+00
-8.656194492312972e+00
-7.631929793316615e+00
-8.503163492442265e+00
-7.867798530449175e+00
-6.624157433650315e+00
-5.296769712621948e+00
-4.9289777268377195e+00
-5.373992791766379e+00
-7.648122593111843e+00
-8.791713865626388e+00
-1.0132115995279317e+01
-9.144134660852176e+00
-7.3579067320881535e+00
-5.850069684747265e+00
-5.063668464772618e+00
-2.912006896109353e+00
-1.307629619654548e+00
-1.8108601535150748e+00
-2.2595349357047687e+00
-2.358944074242819e+00
-2.1000669904448226e+00
-2.3306766904948404e+00
-3.1059737456333365e+00
-3.3433241769968878e+00
-3.711415779138553e+00
-3.2573899187092294e+00
-3.0353757122535168e+00
-1.9226320864123763e+00
