-1.8673421713369473e-01
-3.4442879862881604e-01
-3.043679362585211e-01
-3.3894100158434043e-01
-3.5342057920773967e-01
-4.7762539939589627e-01
-8.368030849374503e-01
-1.5015161909204624e+00
-2.080196992424211e+00
-2.093608002770745e+00
-1.6339977716844258e+00
-1.299208349187393e+00
-1.5418392977191655e+00
-2.021504652037005e+00
-2.200695565414407e+00
-2.091323965186535e+00
-2.1846155283042714e+00
-2.6400179127835313e+00
-3.032081961269461e+00
-3.477376810377861e+00
-3.761583474051272e+00
-4.013492803006496e+00
-4.325610861952218e+00
-4.28114167497236e+00
-4.064552902995515e+00
-3.365018498029587e+00
-2.6755613010397474e+00
-2.123037758093349e+00
-1.9792020195635205e+00
-1.467635140740342e+00
-7.921817168405508e-01
-5.010060513173287e-01
-3.9213038406580536e-01
-6.256085513746295e-01
-9.029582708921887e-01
-1.2042914824895938e+00
-1.306999526768599e+00
-1.2743542498004663e+00
-1.7463189953569653e+00
-2.3291670143041805e+00
-3.001475040952546e+00
-2.8739539502179063e+00
-2.5930135251996616e+00
-2.1311132897660197e+00
-2.7501512937861494e+00
-3.5637275798488792e+00
-4.2414817737975214e+00
-4.297351487242092e+00
-5.0637139671247855e+00
-5.543867208126727e+00
-6.102415544680232e+00
-5.501775270882856e+00
-6.172037305108226e+00
-6.302202844579809e+00
-6.999337802902377e+00
-6.603430858276004e+00
-6.675576668732595e+00
-5.6171688943264275e+00
-4.779195527950061e+00
-3.568592221875996e+00
-3.1883714079104633e+00
-2.325803318430168e+00
-1.6308891868273758e+00
-9.618351218211736e-01
-7.842178078442646e-01
-1.7475078687106596e+00
-2.8922515430563234e+00
-3.1458105493447017e+00
-2.9649757142033493e+00
-2.611228925749034e+00
-3.098559783660091e+00
-3.2534541060522812e+00
-3.637659164057351e+00
-3.588179869476143e+00
-3.98958679006798e+00
-3.8949231893608807e+00
-4.613899374436371e+00
-5.305849072595366e+00
-6.486475638569182e+00
-6.704044220930469e+00
-7.52709959806029e+00
-7.97730016952776e+00
-8.272760988677524e+00
-7.351562197711113e+00
-7.932358060099939e+00
-8.661100848938787e+00
-1.034071694207975e+01
-9.623895232699336e+00
-8.865962573819667e+00
-7.691559172933983e+00
-7.627046477791063e+00
-6.039104811323016e+00
-4.801581270887345e+00
-3.6018377880242154e+00
-2.856417013186908e+00
-1.4922249611367262e+00
-1.3974563202443946e+00
-3.0629958328030624e+00
-4.565218297701017e+00
-4.60820331512267e+00
-4.514658618741708e+00
-3.840679818536481e+00
-4.096441867433088e+00
-3.907855434067413e+00
-4.213204290302345e+00
-4.082323795334567e+00
-5.203638497679682e+00
-5.334717403896231e+00
-6.244053294744986e+00
-6.396849717905815e+00
-7.660457421591225e+00
-7.503418301728838e+00
-8.015508001380038e+00
-7.906468296526974e+00
-7.539162079597692e+00
-6.381807693934075e+00
-7.121303091956425e+00
-8.556566844340495e+00
-9.960890684041905e+00
-8.957823316655274e+00
-8.61618769003742e+00
-8.424196126731125e+00
-8.82647806484039e+00
-7.0997611978778e+00
-6.11524382474475e+00
-4.78256957743287e+00
-3.949108833441987e+00
-2.163870352174234e+00
-2.0974123514019185e+00
-3.7995556587851045e+00
-4.594667630674299e+00
-4.989641119319132e+00
-5.577537393454189e+00
-5.686379855449103e+00
-5.909662906530793e+00
-5.7439625606033635e+00
-6.212304686026447e+00
-6.299876198280055e+00
-6.756745367097059e+00
-7.073332023799631e+00
-8.294254344264374e+00
-8.69778780475308e+00
-8.733495354829397e+00
-7.809665005073948e+00
-6.871607219275063e+00
-5.989138385749444e+00
-4.5656809906557525e+00
-3.890726318609104e+00
-4.610703569214465e+00
-5.931437801155423e+00
-6.748539220975869e+00
-7.107460940801874e+00
-8.28455145611757e+00
-8.972105640541447e+00
-9.122973443371148e+00
-8.295505765701963e+00
-7.888698125820003e+00
-6.669388771641058e+00
-5.123033804447163e+00
-3.4203316364374117e+00
-1.9182829725369335e+00
-3.020749121413776e+00
-3.7928315896122284e+00
-4.8488394644210135e+00
-6.593698455471564e+00
-7.54420294539833e+00
-8.960663954635299e+00
-8.421710018417182e+00
-8.78500228743058e+00
-8.445573639759203e+00
-9.511399869351193e+00
-9.285744402054789e+00
-1.1108356040169376e+01
-1.1128617682151951e+01
-1.0771697784905701e+01
-8.164667034218215e+00
-6.280235645187045e+00
-4.301479041752709e+00
-2.5821658086235284e+00
-1.1423832461857923e+00
-1.151911218462757e+00
-2.6016053480282806e+00
-4.331432367078914e+00
-6.161154395701854e+00
-8.255866485685956e+00
-9.8187471935442e+00
-1.112357771150186e+01
-1.0271677911022941e+01
-1.0486388404777456e+01
-9.138252527332627e+00
-7.653901345366258e+00
-5.153387275766022e+00
-1.4207177512422038e+00
-2.3611790066041056e+00
-3.412781236158112e+00
-5.402595086766817e+00
-7.490225248022973e+00
-9.179181012482216e+00
-1.1054779866000437e+01
-1.0671883944342987e+01
-1.0333197544424817e+01
-1.006303140783094e+01
-1.1816543304836738e+01
-1.1926557524771916e+01
-1.3016379337131648e+01
-1.1890901412531152e+01
-1.0615951941093096e+01
-7.375720737105088e+00
-4.569299841289026e+00
-2.71424072883616e+00
-6.702913562978949e-01
9.231431172649112e-01
1.4656940931116424e+00
-2.3238873363069845e-01
-2.4224165342177564e+00
-5.660210429358984e+00
-8.565859429510372e+00
-1.105817714300612e+01
-1.3669155052948835e+01
-1.3332948373391332e+01
-1.3203073856437523e+01
-1.1575154683002124e+01
-1.0723004234452393e+01
-8.077201936273166e+00
-1.3553570423167858e+00
-2.6873494538505818e+00
-4.110860196745249e+00
-5.772205547032147e+00
-7.82031036359909e+00
-9.32099512095688e+00
-1.1657380570473444e+01
-1.1552962826449706e+01
-1.1340163613147862e+01
-1.0946819956566197e+01
-1.3072338793800728e+01
-1.2901707939254726e+01
-1.297505529692842e+01
-1.0873402425485537e+01
-8.85070436444523e+00
-5.577039994116611e+00
-3.290246988687582e+00
-1.3497315661761935e+00
8.312423462985169e-01
1.9915820789629952e+00
2.41781287746638e+00
7.766688558294623e-01
-8.684031092790893e-01
-4.501198406825535e+00
-8.112589836711644e+00
-1.1681098337089507e+01
-1.474800153478488e+01
-1.4676987466094495e+01
-1.500350611322282e+01
-1.3108190331267597e+01
-1.3445590701506426e+01
-1.052988070229064e+01
-2.074443841983751e+00
-4.034831226849612e+00
-5.073821270413033e+00
-6.243759041415751e+00
-8.2435105717163e+00
-1.0310040914328658e+01
-1.2452766960634998e+01
-1.2991255116243575e+01
-1.3173655676365676e+01
-1.276287463711571e+01
-1.3019422065467204e+01
-1.2302476853657923e+01
-1.1501759871385941e+01
-9.470849375107479e+00
-6.380635285617275e+00
-3.2275883002927626e+00
-9.602934564264002e-01
4.289641769841808e-01
2.0638257051654905e+00
2.7138812177068115e+00
2.399894001725391e+00
1.0320567716283375e+00
-1.1992852694284391e-01
-3.5372891118452907e+00
-8.459237248895647e+00
-1.3311437722473975e+01
-1.61703509094022e+01
-1.689158633364901e+01
-1.7704385168359583e+01
-1.6410536130966396e+01
-1.5527209250012055e+01
-1.2569016040987684e+01
-2.4147899565640323e+00
-4.037138588334702e+00
-5.2622318250287305e+00
-6.132549557919617e+00
-8.693388636256387e+00
-1.110609424160258e+01
-1.3807897698814351e+01
-1.3761750124568234e+01
-1.4637263275964736e+01
-1.349624465750911e+01
-1.3015604108996017e+01
-1.0570949376951315e+01
-9.639275417874003e+00
-7.519587111782834e+00
-4.812267205331157e+00
-1.2877008603398006e+00
1.3162392887775045e+00
2.0722979310739293e+00
2.5386345823712735e+00
2.3949501326900746e+00
2.296802560831193e+00
1.5409279608890734e+00
3.6302496661647815e-01
-3.321660804737406e+00
-8.41066090447298e+00
-1.3213566089763845e+01
-1.7237529939793017e+01
-1.7668992414341798e+01
-1.987802312936864e+01
-1.8457496321157365e+01
-1.716065686642864e+01
-1.277097172778222e+01
-2.7133351346669543e+00
-4.376473999908989e+00
-5.739953924721045e+00
-6.9227416516017835e+00
-9.222322994322944e+00
-1.1002957159355303e+01
-1.3713819672956205e+01
-1.4096952701248101e+01
-1.4445104005462035e+01
-1.2559841630927405e+01
-1.131092964503514e+01
-8.686608430406531e+00
-6.810341547134555e+00
-4.7483617972021674e+00
-2.0589115762708947e+00
6.773788155162932e-01
2.4986778735519897e+00
2.2266650189319215e+00
1.7427708827210353e+00
1.7059562198427067e+00
2.1887956988614703e+00
1.7258411659638513e+00
1.294990465841465e-01
-4.203583903939792e+00
-9.0786570260327e+00
-1.337783526486144e+01
-1.7033239030820365e+01
-1.7861990945319548e+01
-1.9734855775235953e+01
-1.786897880314921e+01
-1.7782303298971048e+01
-1.4081885019985732e+01
-2.6757652243628e+00
-4.620748385240766e+00
-6.0809216736245055e+00
-7.118031372456551e+00
-8.718117418239244e+00
-9.447307296673609e+00
-1.199611724217201e+01
-1.2760604036242995e+01
-1.3230596576951104e+01
-1.0964068327890937e+01
-9.172229917744794e+00
-6.0527482977408615e+00
-4.15989151909462e+00
-2.107973691181155e+00
1.2861570587917828e-01
1.5817194744927998e+00
2.168206657763038e+00
9.539913386396828e-01
4.9076036221723074e-01
1.2323060177041465e+00
2.343064750255648e+00
1.9562067652041824e+00
2.4343113985418446e-01
-4.087860253368004e+00
-8.329307056534011e+00
-1.2459701205386583e+01
-1.5816760300625827e+01
-1.6273122789532177e+01
-1.7442537799590625e+01
-1.5937925117323335e+01
-1.7297986937034437e+01
-1.4068539813136985e+01
-2.762191019767839e+00
-5.132254794617455e+00
-6.309638998289396e+00
-7.230857532767366e+00
-8.183351616886958e+00
-8.76380890724634e+00
-1.0448691086430973e+01
-1.1684628472431648e+01
-1.1820815849483218e+01
-9.680007729839806e+00
-6.178965981628738e+00
-3.2703375633479346e+00
-1.5955144273351622e+00
1.0257864633822996e-02
1.611715088275802e+00
1.6200169106284537e+00
4.188538955913407e-01
-1.1155130692822528e+00
-9.590020532787925e-01
5.674231945198567e-01
1.9951681326681443e+00
1.730108586592071e+00
1.476022247635339e-01
-3.3992905026345044e+00
-7.331556808581585e+00
-1.1488481317789851e+01
-1.4102193899982481e+01
-1.467282374819726e+01
-1.6141292691922672e+01
-1.6141640142563798e+01
-1.6409519747439436e+01
-1.3508563086871979e+01
-2.4551224236699087e+00
-4.638408095715658e+00
-6.355829573785502e+00
-7.043593885358782e+00
-8.356296692555956e+00
-9.084598707174338e+00
-1.1040211400163752e+01
-1.112053568766513e+01
-1.0529521147042338e+01
-7.603168242800851e+00
-4.370820152214307e+00
-1.3852555675901073e+00
7.436631044725313e-01
1.6866453898355287e+00
1.8877164915013795e+00
6.109641878078063e-01
-1.4076424969097183e+00
-2.7982216971483638e+00
-2.2669513859385844e+00
-1.3650390440001528e-01
1.931465836668611e+00
2.0400859035824412e+00
4.43807061568421e-01
-2.7193995029472684e+00
-5.798972128838253e+00
-9.398744476925593e+00
-1.2929383744492322e+01
-1.411233281018227e+01
-1.660591753034018e+01
-1.648426648088143e+01
-1.630431843622846e+01
-1.218992781009067e+01
-2.6584647265767707e+00
-5.018743468028346e+00
-6.937883304423218e+00
-7.7569426869953e+00
-9.235881256010739e+00
-9.726466708100704e+00
-1.1687328075783906e+01
-1.0895419315710694e+01
-8.82757918426422e+00
-5.478906431107279e+00
-2.1239176919057074e+00
4.2186117807166873e-01
2.1172410668571096e+00
1.5020761627283477e+00
5.308977192089758e-01
-1.621691939389828e+00
-3.748367828023509e+00
-4.082791098854251e+00
-2.774015002809205e+00
-8.58082113044524e-02
2.16015591943925e+00
1.8862887618762154e+00
2.1987265605164333e-01
-2.5451520093904523e+00
-4.857302786498929e+00
-8.177690137103983e+00
-1.2332777338054944e+01
-1.4642417936904332e+01
-1.6963462659568776e+01
-1.5332571335845675e+01
-1.4982089140601836e+01
-1.1472655128028613e+01
-3.0034857742075416e+00
-5.5570362443701065e+00
-7.5915450330832295e+00
-8.273868921946812e+00
-1.0014349887888082e+01
-9.826293569742488e+00
-1.1127127700840283e+01
-9.919333674082806e+00
-7.743190283497949e+00
-3.8584771247978074e+00
-4.7329072526023724e-01
1.422135409203911e+00
1.9664281071711058e+00
-1.67601302606146e-01
-2.1898141696778337e+00
-4.236076154477818e+00
-4.974039226536589e+00
-3.1827547978236286e+00
-1.57604984472001e+00
7.343258324347662e-01
2.43209596246438e+00
1.648281194399629e+00
4.459064361626316e-01
-1.7199482050886568e+00
-3.8106523720734007e+00
-7.112632072485527e+00
-1.1045313447607118e+01
-1.3136502701717522e+01
-1.49335159732185e+01
-1.319793360034625e+01
-1.3315052559233775e+01
-1.0107385556769051e+01
-3.726120054033875e+00
-6.5168570937351555e+00
-8.27078824012968e+00
-9.525385352036405e+00
-1.1234225964845018e+01
-1.081777591802118e+01
-1.0022441040774316e+01
-7.941674475011233e+00
-5.506642679341661e+00
-2.467081068057984e+00
1.2047143017931217e+00
2.2762174903567582e+00
5.678660920146298e-01
-2.764985695927858e+00
-5.457524201711714e+00
-6.40946566253068e+00
-4.755461345065429e+00
-1.598737690378441e+00
4.9806973133252974e-01
2.113951518316832e+00
2.7040753307848004e+00
1.5499396733578694e+00
6.478356727228071e-01
-9.106864653719943e-01
-3.190528517509073e+00
-6.5023034986444594e+00
-8.606124305435582e+00
-1.0037009166639812e+01
-1.1510337475230175e+01
-1.1400812897425748e+01
-1.125788621062657e+01
-8.64090088138514e+00
-3.8683143458592752e+00
-6.586467162382187e+00
-9.169040377046144e+00
-1.0714774312617807e+01
-1.3489910258223468e+01
-1.2240440071716435e+01
-1.0268801505685193e+01
-6.292958840000605e+00
-3.205559772600242e+00
-1.594307861827702e-01
2.3251627443872955e+00
1.822449094731859e+00
-3.375191735634346e-01
-3.3811976951296168e+00
-5.373629023154195e+00
-5.02978220870637e+00
-2.9482954867120514e+00
-2.513406015890352e-01
1.6577468238691813e+00
2.735367860827583e+00
3.229065889610089e+00
2.480079639781095e+00
1.945820504956846e+00
5.495774926446156e-01
-1.6317602070628285e+00
-4.088717240060037e+00
-5.343732542216285e+00
-6.327688213410963e+00
-8.730279554449927e+00
-1.0225431052661367e+01
-1.0584042749409539e+01
-7.172931903826753e+00
-3.965065917946533e+00
-6.928601473427181e+00
-1.0149297321312208e+01
-1.2340322283113068e+01
-1.4542866658082238e+01
-1.2716054011371194e+01
-1.0204620683775069e+01
-5.555966598371962e+00
-9.675518067246531e-01
1.4398420672189347e+00
2.5557655272005815e+00
1.108503151202605e+00
-8.851282757544163e-01
-2.402897281986329e+00
-1.925003052106602e+00
-8.092448354672289e-01
-4.4829457154488196e-02
8.554957673206174e-01
2.08477146283461e+00
2.78172889933876e+00
3.405064300527753e+00
2.8536551883240113e+00
2.4742237747892233e+00
1.0692183375043438e+00
-6.211483175473994e-01
-2.320013199329096e+00
-2.948351066626345e+00
-4.279617791366786e+00
-7.186247693090033e+00
-8.454667161877758e+00
-8.78925126801624e+00
-6.043491583473561e+00
-3.8023624656666053e+00
-7.005271820666111e+00
-1.020878350573946e+01
-1.2165357630621946e+01
-1.3879084886138351e+01
-1.1821552339137424e+01
-1.0471981725293166e+01
-5.892438471442005e+00
-1.3738811496743424e+00
1.3161686087805486e+00
2.5969598368076108e+00
1.2719598523519562e+00
-6.077432892478433e-02
-2.429431900825019e-01
1.1047476482077339e+00
1.6033227249245448e+00
1.2465932884479316e+00
1.121538394428678e+00
1.9658552542505914e+00
2.548672801027046e+00
2.302660372796882e+00
1.0796840507467016e+00
5.656071283943847e-01
-3.160988896918714e-01
-1.6938884477650324e+00
-2.5330425798342424e+00
-3.5730606137224474e+00
-4.886471895268701e+00
-7.10580008396201e+00
-7.264242682174869e+00
-7.167357756504009e+00
-4.971650721609883e+00
-3.8521000087697446e+00
-7.15918690956318e+00
-9.57397675407997e+00
-1.1202422451386756e+01
-1.2724836818837938e+01
-1.1731772245266248e+01
-1.0126584365652564e+01
-6.397477728466746e+00
-2.8321427283302554e+00
-3.5350965896507297e-01
1.8472148160662498e+00
1.7445707376933448e+00
1.0028292888022643e+00
7.748001182004948e-01
9.469167316502511e-01
9.725590737456957e-01
8.742183220668923e-01
1.0777668573868835e+00
1.760827694706668e+00
1.5296466262994337e+00
-3.4599127920102507e-01
-3.032266288677524e+00
-4.264246643106693e+00
-5.086738217316183e+00
-5.79486895739449e+00
-5.822297869189228e+00
-6.373786562749571e+00
-6.787405682056456e+00
-7.728434055407024e+00
-7.171465851631376e+00
-5.660303347014617e+00
-3.752354148198656e+00
-3.3531071272429855e+00
-6.244347652676126e+00
-8.64408009024234e+00
-9.984317650361781e+00
-1.1685988493933204e+01
-1.1302135410524679e+01
-1.06341206984932e+01
-6.964787102770903e+00
-4.492679016528801e+00
-1.9967313894619418e+00
3.0883846279049987e-01
1.7212750490601016e+00
1.6944941062021888e+00
8.014723183869689e-01
-1.0853742141539494e-01
1.4014671566992376e-01
1.2916390808277072e+00
1.8534388152113024e+00
1.408375837314785e+00
-7.136730732559408e-01
-3.606030681930176e+00
-6.704281285684575e+00
-9.544604479294525e+00
-1.0147681624195751e+01
-1.0923483525002098e+01
-9.65704218488385e+00
-9.845057730676558e+00
-8.643522256348758e+00
-9.043291407718298e+00
-7.721952099769277e+00
-5.533484582663247e+00
-2.9308000266119847e+00
-3.060295155614847e+00
-5.631802214113719e+00
-7.606521619230488e+00
-9.217667743863231e+00
-1.1043626351999851e+01
-1.0788071148424033e+01
-1.100479487682141e+01
-9.052339724781858e+00
-6.614744887758432e+00
-4.285885322888321e+00
-1.8808579761139643e+00
6.191894107181733e-01
1.4602292503911742e+00
8.667507397832395e-01
4.6543365169708534e-01
1.1134946285232425e+00
2.062278764587968e+00
1.6538306188911476e+00
-3.4487675453945536e-02
-3.6714814033886287e+00
-7.251632426505325e+00
-1.0881900953084816e+01
-1.4417156712786403e+01
-1.5070189210152453e+01
-1.5538468354681358e+01
-1.39247595291729e+01
-1.3761291518766793e+01
-1.1596206493292396e+01
-1.0636082176878471e+01
-8.074463560781444e+00
-4.892880341299957e+00
-2.2037589579391597e+00
-2.419371520731093e+00
-4.698413709551412e+00
-6.367332700602086e+00
-8.237457701602985e+00
-9.962041706481894e+00
-9.910609116297316e+00
-1.0991280646669347e+01
-9.716137705326572e+00
-8.109268431075625e+00
-6.013529711096834e+00
-4.444336584644924e+00
-1.7371218782839095e+00
-4.1065561551188906e-01
3.162489229681833e-01
9.253317231165311e-01
1.6007251763248358e+00
1.658781275911418e+00
6.385604289114814e-02
-2.1130608344997435e+00
-5.79348858212057e+00
-9.567223491002522e+00
-1.2592078125067216e+01
-1.663684802596586e+01
-1.703333795163073e+01
-1.778443079551646e+01
-1.6015363659326134e+01
-1.7042799770931992e+01
-1.4579776199288037e+01
-1.3303446758077127e+01
-9.347665855905984e+00
-5.168075053471527e+00
-1.848753788189816e+00
-2.378742598087555e+00
-4.415910323384704e+00
-5.457877941777978e+00
-7.155860330051446e+00
-9.063709052377336e+00
-9.657527394410417e+00
-1.0583767902702187e+01
-1.0360467221129326e+01
-9.686603933200798e+00
-8.24113540333367e+00
-6.911200546557234e+00
-5.314468168706995e+00
-3.9766242625244246e+00
-2.2122413939779877e+00
-1.1994758699497463e-01
8.034512583992952e-01
1.631781161259259e-01
-2.284808594756055e+00
-4.535878875059112e+00
-7.916498175949268e+00
-1.1609466032238268e+01
-1.4588553473319214e+01
-1.743085857633914e+01
-1.8436817963637978e+01
-1.9038921811572347e+01
-1.780145562492525e+01
-1.7806603415046446e+01
-1.6107969922281114e+01
-1.4061012599672484e+01
-9.884067714076552e+00
-4.3756140688243566e+00
-1.0185595349646543e+00
-2.0425007592980076e+00
-3.6356573144676188e+00
-4.776563301590329e+00
-6.342632989909716e+00
-8.375328838096713e+00
-9.682785286801426e+00
-1.1172846524388559e+01
-1.1053285418290502e+01
-1.1705319877811474e+01
-1.0733801388455461e+01
-1.022227415839277e+01
-8.215619986659043e+00
-7.028360433488602e+00
-4.462060047389434e+00
-2.3442289395662694e+00
-7.281915519556816e-01
-1.2818990649359179e+00
-3.264216356522171e+00
-5.855043816140531e+00
-8.51547934766614e+00
-1.2916466971365287e+01
-1.5326844292396657e+01
-1.787222012381415e+01
-1.8125278135875867e+01
-1.943855874311027e+01
-1.8006989614312584e+01
-1.7110913657419534e+01
-1.404784359854364e+01
-1.1879147985617498e+01
-8.055444216654303e+00
-3.6578271526375508e+00
-4.4378847423208756e-01
-2.382811753147295e+00
-4.078111977244585e+00
-5.249137251131223e+00
-6.4833277404573755e+00
-8.414086837992452e+00
-9.959231912789567e+00
-1.2434046005502726e+01
-1.3202898439561825e+01
-1.4376819561779518e+01
-1.3527563464571669e+01
-1.3694096643984398e+01
-1.2115656185080677e+01
-1.068869865383188e+01
-8.266759282445516e+00
-6.444510846307269e+00
-4.541805898112616e+00
-4.010741656480093e+00
-5.333041542021754e+00
-7.4764864879567705e+00
-1.0033706839273494e+01
-1.3272209272781787e+01
-1.4996702088105646e+01
-1.7738047182584573e+01
-1.8103562358841383e+01
-1.803242953785231e+01
-1.548246517713877e+01
-1.4362373658984033e+01
-1.16395300429536e+01
-9.190553212489649e+00
-6.142470321419606e+00
-2.472644183782601e+00
-8.925842069189302e-02
-2.433954209427351e+00
-4.383903409979656e+00
-5.750829989394036e+00
-6.763289995819584e+00
-8.182728394628425e+00
-9.345321708711063e+00
-1.1893360328680641e+01
-1.3048512074736832e+01
-1.4309766117567207e+01
-1.3296918185861093e+01
-1.4451543359146676e+01
-1.3393596306436388e+01
-1.3273774194327508e+01
-1.1274178649373765e+01
-1.0086459066653486e+01
-7.329772541158286e+00
-6.155835344822929e+00
-6.27479956019639e+00
-7.195071010846299e+00
-8.742437140564808e+00
-1.1039132548575981e+01
-1.2476238814937064e+01
-1.5320570283647063e+01
-1.5147060661737259e+01
-1.4609274338913037e+01
-1.2167459516547927e+01
-1.1574197377141049e+01
-9.890676781006619e+00
-8.16849191488905e+00
-5.340316768353363e+00
-2.80730082454561e+00
-9.60321656584704e-01
-2.570792438443897e+00
-4.636464345802018e+00
-5.760628797342235e+00
-6.58795070723925e+00
-7.78806223486598e+00
-8.97793686562791e+00
-1.0703928011431843e+01
-1.1990073296481675e+01
-1.2959831295787124e+01
-1.2719689442011116e+01
-1.3112142260904552e+01
-1.327038090220707e+01
-1.3590212402783242e+01
-1.2972436796175177e+01
-1.1327408452463605e+01
-8.47460192294127e+00
-6.432892143077632e+00
-6.543014702498965e+00
-6.731943892308954e+00
-7.154882711481848e+00
-8.761267053793075e+00
-1.0842751841331816e+01
-1.2165469027602306e+01
-1.1917564082298767e+01
-1.1520629362557846e+01
-1.0241762982544376e+01
-9.09346485257829e+00
-8.192693494414252e+00
-7.245040800714402e+00
-5.709756652078657e+00
-3.328864055936386e+00
-1.8209249742955664e+00
-2.112492328744583e+00
-3.6717465267107277e+00
-4.847931096188794e+00
-5.691917362905441e+00
-7.0407184902336155e+00
-8.241070529360115e+00
-9.665878269352532e+00
-9.895854960462898e+00
-1.128308060477194e+01
-1.192902314371505e+01
-1.2831243602612473e+01
-1.2465762731057374e+01
-1.3797777761995063e+01
-1.3677007429273674e+01
-1.2546003029389793e+01
-9.213983343519018e+00
-7.428112857108878e+00
-6.74276849801667e+00
-6.532785056195733e+00
-6.290175884986591e+00
-7.170027573971505e+00
-8.40466338073195e+00
-9.368129860966807e+00
-8.975577989642696e+00
-8.902542436213269e+00
-8.069387282598678e+00
-7.401439881361451e+00
-6.512948552399565e+00
-6.266204477821872e+00
-5.376080017748631e+00
-3.5397060478658595e+00
-2.177052095735192e+00
-1.6391350084001768e+00
-2.7915111010954434e+00
-3.660488757388095e+00
-4.718350827700051e+00
-5.876569745498592e+00
-6.443512441652763e+00
-7.762623492765544e+00
-8.221086827819116e+00
-9.082237446442582e+00
-9.719314228859028e+00
-1.1228515342450173e+01
-1.1174489560187249e+01
-1.1787723465743044e+01
-1.1397758887140515e+01
-1.1227291309242428e+01
-8.847864462782214e+00
-6.446499749110272e+00
-5.527324681588571e+00
-5.541099150228936e+00
-5.241570200142475e+00
-4.958297791441205e+00
-5.3238137045953735e+00
-6.483013915305818e+00
-6.268344026433023e+00
-5.8762730429191254e+00
-5.109739125757904e+00
-5.236565070544556e+00
-4.66027822670599e+00
-4.703369772695811e+00
-3.866582349418496e+00
-2.93943744025629e+00
-1.8617994223240335e+00
-7.890795511522686e-01
-1.573647600304793e+00
-2.0499970870844555e+00
-2.8443958872247794e+00
-3.3601201376021406e+00
-3.666281060546978e+00
-4.565798652263297e+00
-4.954256763329915e+00
-5.402956245897544e+00
-5.895512394575303e+00
-7.157829150547179e+00
-6.8996667490105965e+00
-7.15143839209279e+00
-6.696361993171417e+00
-6.962923036868764e+00
-5.164970053929043e+00
-3.757656649793742e+00
-3.2009056726351974e+00
-3.106831548893229e+00
-2.757080665393256e+00
-2.2476790088892478e+00
-2.7287620367469128e+00
-3.2444864958583794e+00
-3.262721941734267e+00
-2.760612676583622e+00
-2.5871215464280644e+00
-2.769872011379723e+00
-2.548762788256708e+00
-2.2681310026515376e+00
-1.7669249941477059e+00
-1.495891103683058e+00
-9.810414735387589e-01
