-2.1846803732213438e-01
-4.436931657029384e-01
-4.361743637958128e-01
-4.5940764371131443e-01
-4.1478448333862034e-01
-4.358957716195334e-01
-5.89624107820915e-01
-1.0222621662028353e+00
-1.579613482017406e+00
-2.1533726593340337e+00
-2.454692636875096e+00
-2.6611895242638415e+00
-2.9597142033287067e+00
-2.981216634791921e+00
-2.7014910912164303e+00
-2.122576737718262e+00
-1.9140941073150772e+00
-2.0455510714898115e+00
-2.1096701241024283e+00
-2.5274019165128228e+00
-2.9456616413630243e+00
-3.118264214528232e+00
-2.934721586256774e+00
-2.8268741493190914e+00
-2.9587704432806543e+00
-2.9669748025445473e+00
-2.834013589218791e+00
-2.5622643588211105e+00
-2.422115766785598e+00
-1.9948393785406595e+00
-1.3053063668657536e+00
-7.02222157915247e-01
-4.1173303364299696e-01
-6.899619554841896e-01
-9.350576418883996e-01
-1.1619465075208775e+00
-1.4079317216000538e+00
-1.4720680790503122e+00
-1.8248288017079877e+00
-2.2437692132744114e+00
-3.106871850375423e+00
-3.697497872055284e+00
-4.385932535263128e+00
-4.41820328433842e+00
-4.915115829308891e+00
-4.759491256599677e+00
-4.0175198030396935e+00
-3.0040291243090635e+00
-2.831658717933838e+00
-2.88473596290284e+00
-3.1584179207134446e+00
-3.8999102401632286e+00
-5.0472571313227785e+00
-4.960323677017131e+00
-4.554838543834661e+00
-3.987833180921754e+00
-4.35407405397312e+00
-4.55539646933909e+00
-4.6664815472253816e+00
-3.912498189956313e+00
-3.944193395561592e+00
-3.3872450418053726e+00
-2.374467512178306e+00
-1.3751425966558903e+00
-7.424346616742163e-01
-1.5720315145164894e+00
-2.601068787232031e+00
-3.1732603769130097e+00
-3.620278623211735e+00
-3.8608276552383023e+00
-4.628999318953265e+00
-4.9554963504215905e+00
-5.6680640348388875e+00
-6.306529856079859e+00
-7.144777076372135e+00
-6.6886568347491835e+00
-6.847555899969946e+00
-6.172390338344148e+00
-5.616409800205879e+00
-4.414738154141027e+00
-3.750823743611922e+00
-3.8345398894592244e+00
-4.898817304252744e+00
-5.778776773400274e+00
-6.768869829331072e+00
-6.333185559924014e+00
-6.40512519526239e+00
-5.812774790990783e+00
-6.205219967960045e+00
-6.5267405616654806e+00
-6.831152181045018e+00
-5.770893340064813e+00
-5.28367187966464e+00
-4.13455700658012e+00
-3.2629437922695583e+00
-1.990580359895179e+00
-1.1388878592798435e+00
-2.5154438157019516e+00
-3.9560145960658875e+00
-4.653028880271635e+00
-5.506178842293962e+00
-5.672721644773387e+00
-6.755355837999446e+00
-6.868623914780624e+00
-7.731199116090831e+00
-7.815725991679827e+00
-8.913465921217362e+00
-8.019382419493397e+00
-7.997390566913289e+00
-6.921059489954412e+00
-5.924661547589283e+00
-4.024410536309833e+00
-3.052625189216103e+00
-3.81701134338292e+00
-4.709524299481521e+00
-5.56284938923066e+00
-6.382316837872623e+00
-6.193873369777425e+00
-6.926531130377266e+00
-6.763199973635235e+00
-7.286748079352685e+00
-7.143979688300454e+00
-7.654112498373904e+00
-6.487898185940747e+00
-6.108549676232885e+00
-4.904786925974986e+00
-3.758766715811063e+00
-2.1211279293748673e+00
-1.612147439381134e+00
-3.1295390039896955e+00
-4.184982396965251e+00
-5.254909222012106e+00
-6.495628114861006e+00
-7.124629355687986e+00
-7.97688601492279e+00
-8.423814741461438e+00
-9.467731593648091e+00
-9.657557485483387e+00
-9.901702255355847e+00
-9.300968561945988e+00
-8.855735885811972e+00
-7.464455589193962e+00
-4.779464127947832e+00
-2.3247191909127913e+00
-1.320289720874892e+00
-2.329254013522532e+00
-3.0880122281784357e+00
-4.622616732965447e+00
-6.169284275526135e+00
-7.127827679736497e+00
-8.213707733408063e+00
-8.556710036005269e+00
-8.980854390157223e+00
-8.60195687874602e+00
-8.281216678176898e+00
-7.78896853049661e+00
-7.488093285336598e+00
-6.385178169058316e+00
-4.044573217285212e+00
-2.0323669045085153e+00
-1.4747553008437182e+00
-2.578773660233808e+00
-3.583894751506891e+00
-4.890273365066456e+00
-6.547842983978796e+00
-7.622614956572343e+00
-9.347588713249712e+00
-9.656337397695395e+00
-1.1276663094772632e+01
-1.1244569918854541e+01
-1.1818520640873885e+01
-1.044753494166661e+01
-9.537797110412912e+00
-6.960730670427479e+00
-3.542250385935041e+00
-6.724034239692286e-01
3.844500598472284e-01
-1.2078302455189007e+00
-3.408759635380246e+00
-5.932195337213554e+00
-7.986157399206335e+00
-9.453724370365924e+00
-1.1990614672806291e+01
-1.1978168081763503e+01
-1.2905427168093102e+01
-1.1646216043863586e+01
-1.171640238250131e+01
-1.0119066761076711e+01
-9.377889357969156e+00
-7.186126063893019e+00
-4.379573223590523e+00
-1.7451163776731142e+00
-1.1789034385633619e+00
-2.101848851058052e+00
-2.9726646033376385e+00
-4.732683877705119e+00
-6.689101948514455e+00
-8.52139013820828e+00
-1.1009046822479151e+01
-1.1993603244690304e+01
-1.316311131678177e+01
-1.2633964536661816e+01
-1.3107854337774908e+01
-1.0986174927673504e+01
-8.406628595986176e+00
-4.902594228628685e+00
-1.0659377770175813e+00
9.8454988570683e-01
8.84129715162138e-01
-2.4389334387647303e+00
-5.6104836603815915e+00
-8.35458303084514e+00
-1.0825182653821713e+01
-1.3086003212401964e+01
-1.6853635720370637e+01
-1.757390465486483e+01
-1.8458800162755857e+01
-1.6789509819713228e+01
-1.6555279525704243e+01
-1.3613339453388546e+01
-1.0591689054447567e+01
-7.237994773920386e+00
-3.813422970244977e+00
-1.3004990284831865e+00
-1.0810787727686206e+00
-2.141462099503058e+00
-3.1287009700712622e+00
-4.839677127807909e+00
-6.992257744811138e+00
-8.787734884344193e+00
-1.1895626581871863e+01
-1.3039181620866598e+01
-1.4174546707946728e+01
-1.2574357209132716e+01
-1.2050857095301494e+01
-9.261805864189164e+00
-5.962157354883013e+00
-2.35832069031429e+00
1.4478814641338646e+00
2.1444201180812414e+00
3.567453462178795e-01
-4.0030741842190185e+00
-6.942499517677443e+00
-9.025730221451086e+00
-1.18374515915495e+01
-1.4480219887599109e+01
-1.8696585569450573e+01
-2.004349019890425e+01
-2.1588702656332668e+01
-1.8887839250686916e+01
-1.9221413268909195e+01
-1.532173595990999e+01
-1.2248314241261603e+01
-7.899387314981453e+00
-4.059956386682815e+00
-1.3058910085419038e+00
-1.5685715520901677e+00
-3.0741679404984907e+00
-3.9780136943077005e+00
-5.4742174802106724e+00
-7.725571340263784e+00
-9.841001000002258e+00
-1.2221669432276782e+01
-1.338196638878528e+01
-1.4038417882211919e+01
-1.1796591925161964e+01
-9.075103720305785e+00
-5.908586161170364e+00
-3.016951464264595e+00
-5.293259489865015e-01
2.48693148584678e+00
2.1834300305436556e+00
-1.0150000811835218e+00
-5.613560732266782e+00
-7.6022454966204425e+00
-9.951311352327908e+00
-1.314433367722064e+01
-1.6286389885202226e+01
-1.944457559102744e+01
-2.1557206953472665e+01
-2.293170039134686e+01
-2.04823999222206e+01
-1.876710538103444e+01
-1.5783969344897704e+01
-1.2626023037492747e+01
-8.914479273511645e+00
-4.113076605022568e+00
-1.1380864366831605e+00
-1.7645627655998808e+00
-3.1613150925349593e+00
-4.478671705155394e+00
-5.98367418135768e+00
-8.685084582415953e+00
-1.0395093451256711e+01
-1.2235871314439866e+01
-1.2069262803666044e+01
-1.21081048813125e+01
-9.425411457668625e+00
-6.3670665296110345e+00
-2.829292491511576e+00
-5.609907099123091e-01
9.76502546532407e-01
2.593526914824458e+00
1.501341980370973e+00
-1.034633515656842e+00
-4.357766165966082e+00
-6.801543910217691e+00
-9.92830088681381e+00
-1.4210211716434024e+01
-1.7016935645081183e+01
-2.0815897007809966e+01
-2.1766987179677034e+01
-2.3831122533492046e+01
-2.117665413464132e+01
-1.9241600833433846e+01
-1.49245012654425e+01
-1.1984015849961752e+01
-8.657248750053515e+00
-4.88785432020566e+00
-1.5449937001328609e+00
-2.090269854101046e+00
-3.7361498386391867e+00
-5.308426619663925e+00
-6.9535981719107305e+00
-9.08391861434035e+00
-9.637878016292094e+00
-1.078845546897179e+01
-9.64676536027109e+00
-8.495242568376245e+00
-5.988599125842676e+00
-3.282421733623461e+00
-6.692420307995052e-01
1.2466760082864146e+00
1.8510192311392322e+00
2.3175119951010736e+00
9.620813311593955e-01
-7.350858929341578e-01
-3.597046358926609e+00
-6.325652985676733e+00
-1.0691193483069286e+01
-1.5453634100913186e+01
-1.7887273034967087e+01
-2.1283830853102796e+01
-2.236668961739627e+01
-2.3726978159277763e+01
-2.04141484316542e+01
-1.878642105901302e+01
-1.4919971704505826e+01
-1.1772510133447202e+01
-8.893388774360798e+00
-5.531270195755737e+00
-2.487929623629075e+00
-2.204278142143e+00
-4.051439167032793e+00
-5.672661843901911e+00
-6.975000738277207e+00
-8.173899318034152e+00
-7.995416934128975e+00
-8.241386356443979e+00
-6.605500564126169e+00
-4.9552171673957695e+00
-2.6954417309344043e+00
-7.074543764574311e-01
8.236166278093254e-01
2.1808331399458973e+00
2.1687596349284552e+00
2.1387703623726413e+00
1.176664447421625e+00
-7.859010905885268e-02
-2.8911740418936875e+00
-5.721829272582082e+00
-9.804845940677758e+00
-1.386694083239186e+01
-1.6094130148669855e+01
-1.965426159450499e+01
-2.0609698170003295e+01
-2.171546402179675e+01
-1.8554136004902652e+01
-1.842563298493071e+01
-1.5455730100604843e+01
-1.3235291056002097e+01
-1.0064059352944874e+01
-7.29517948724988e+00
-3.729298812845905e+00
-2.3759289183108234e+00
-4.360086281194858e+00
-5.599662564216528e+00
-6.417218208920479e+00
-7.273082563363987e+00
-7.103926203842466e+00
-6.112336174766756e+00
-3.8794656324680226e+00
-1.8040919301079337e+00
-6.974274642004075e-02
1.458313184456789e+00
2.094458221882348e+00
2.1975576258302567e+00
1.5883044442032477e+00
1.244949094138168e+00
1.1733927270298041e+00
2.679803142882078e-01
-2.2770231233675733e+00
-4.80765640243917e+00
-8.012664418160686e+00
-1.1399417383297052e+01
-1.436400637510079e+01
-1.709158592207029e+01
-1.8832950118279538e+01
-1.993060974161638e+01
-1.7913067120804364e+01
-1.7131595165865757e+01
-1.584280620372161e+01
-1.4430107785217318e+01
-1.2095382266673074e+01
-8.160250716512927e+00
-4.282176658990233e+00
-1.9396920925484102e+00
-3.533819162501595e+00
-4.685479786794311e+00
-5.072442738233896e+00
-5.674755442734576e+00
-5.37358459669259e+00
-4.267112815986215e+00
-1.57524431013708e+00
7.1747434379465e-01
1.9134994189717434e+00
2.5080997732872254e+00
1.996250887962803e+00
1.4832150335732963e+00
2.1709486533893607e-01
-4.7831198721448703e-01
6.294569557968127e-01
1.3952164279694004e+00
-1.1680644990501281e-01
-2.122889731902812e+00
-5.361364467901891e+00
-7.809656790706117e+00
-1.0781014574335384e+01
-1.467330412624171e+01
-1.638206859894701e+01
-1.856452856873864e+01
-1.7653265690899254e+01
-1.7686853087280056e+01
-1.5793612584221993e+01
-1.5072888151560942e+01
-1.2561422123605432e+01
-8.529527855544849e+00
-4.134222676109233e+00
-1.530546833517348e+00
-2.6645647991849244e+00
-3.2122514557579427e+00
-3.3791878744730313e+00
-3.653793905271677e+00
-2.7673266160577246e+00
-1.3108349304026496e+00
6.026700407661426e-01
2.0392794418780347e+00
2.285453108407084e+00
2.1529840747181783e+00
1.282863173451161e+00
9.517908808660767e-02
-1.7140124231761467e+00
-2.1249788453623144e+00
5.460347455159869e-02
2.2677780374924534e+00
1.558179853773648e+00
-2.4199572292553828e-01
-3.10637041830806e+00
-5.45276962057475e+00
-8.438587793097293e+00
-1.2058823710301413e+01
-1.4691705738918651e+01
-1.7207911027852692e+01
-1.6233028448767257e+01
-1.7375838162294677e+01
-1.595250781646985e+01
-1.4929686202941324e+01
-1.1631573280504522e+01
-7.8746641253480565e+00
-4.326813662600533e+00
-9.472685991432186e-01
-1.743774046866467e+00
-1.9931264759683942e+00
-2.300848939281324e+00
-2.1722139983072255e+00
-8.899514649415238e-01
7.716031874209848e-01
1.7193853592542119e+00
2.1470894141916848e+00
1.3614156702864624e+00
9.656626061282098e-01
4.454770548541312e-01
-7.064368107282579e-01
-2.251448829166524e+00
-2.3558372857844323e+00
1.0772719960710546e-01
2.4683719977832417e+00
2.0218281444799415e+00
8.715875315917132e-01
-1.3492524734619982e+00
-3.4834473960676875e+00
-6.426110035628825e+00
-9.334319471426452e+00
-1.1982278273629083e+01
-1.3917809918710235e+01
-1.3245993089241548e+01
-1.5239329526494844e+01
-1.4701636347597436e+01
-1.4327459200311893e+01
-1.0837566945834055e+01
-7.518685274028539e+00
-3.976517485540558e+00
-9.682201777297172e-01
-1.6000797776548752e+00
-1.7057401215311239e+00
-1.6143415001124062e+00
-1.074265501983909e+00
3.137647909320015e-01
1.8897235408287434e+00
2.10395049957511e+00
1.1396018468970353e+00
-4.5768351745503946e-03
-2.7213643671270005e-01
-6.49889036014541e-01
-1.575973214254031e+00
-2.252101903518471e+00
-1.6648773384161297e+00
6.954075886719528e-01
2.3358606145619225e+00
1.5222937911055419e+00
8.34416196731097e-01
-3.119314326640531e-01
-1.9721431885450231e+00
-4.660203526122041e+00
-7.039457055529201e+00
-9.167870031070795e+00
-1.0869661957824256e+01
-1.110284425247258e+01
-1.2988634325353027e+01
-1.4051439331266582e+01
-1.3921592823210041e+01
-1.0952068624698045e+01
-6.493323984043543e+00
-3.1209080474455737e+00
-7.063125870981185e-01
-1.1694956561622623e+00
-1.3095967595959448e+00
-1.0781727161952857e+00
-5.271014975959448e-01
7.30208913036484e-01
1.7937361129726839e+00
1.4121308040795113e+00
3.4442065656821e-01
-6.408787812444457e-01
-1.0206371921509074e+00
-1.3308779425382278e+00
-2.4018329181288687e+00
-2.2012362697039602e+00
-8.646352882840471e-01
1.711671832220577e+00
2.8519828990090197e+00
1.75047278725562e+00
1.2597695130849496e+00
5.063283766362657e-01
-6.594990506355232e-01
-2.904676691758057e+00
-5.337327384652976e+00
-7.448680983176263e+00
-9.54202504465324e+00
-1.0592047726167873e+01
-1.2428396849560407e+01
-1.2284196517656675e+01
-1.262856756327117e+01
-1.0093869296738752e+01
-6.339259647504068e+00
-2.60036812298928e+00
-6.275923123032435e-01
-1.0870183085377454e+00
-1.5869771775489452e+00
-1.2428400343112656e+00
-4.224909104516197e-01
4.826558910702413e-01
6.641129873559637e-01
-2.6463666438123007e-01
-1.2719219847530863e+00
-2.042828702779082e+00
-2.2447136831757324e+00
-2.0538799989713263e+00
-2.60924102071613e+00
-1.904952657306941e+00
-3.164530685102668e-01
1.9364908088988684e+00
3.2627576068779245e+00
2.287252684353851e+00
1.612193634189185e+00
6.842831672179419e-01
-5.608106937197389e-01
-2.9383327775426697e+00
-5.380868285554746e+00
-7.726407909657137e+00
-1.04952163601212e+01
-1.1009174018888242e+01
-1.2165019583983302e+01
-1.1198928884787456e+01
-1.0709712535601074e+01
-8.548872505447905e+00
-5.542235975017486e+00
-2.3929864917902557e+00
-4.3442428165358005e-01
-1.345631887180775e+00
-2.0496424380713107e+00
-1.936611653111362e+00
-1.3870364289217605e+00
-9.928567479714432e-01
-1.5291780778630908e+00
-2.642879932327479e+00
-4.138831530797068e+00
-4.433398589764337e+00
-5.33000345267643e+00
-4.343714757810082e+00
-4.7036045088892e+00
-3.349098062092921e+00
-2.263711760373143e+00
4.029828222974809e-01
2.371617332870616e+00
2.08767801984433e+00
2.1114774869014443e+00
1.200859770366914e+00
-6.69543445042581e-01
-4.019845378728659e+00
-7.210857633940221e+00
-9.613121991232093e+00
-1.2103450068746618e+01
-1.1629241362300801e+01
-1.251099465073833e+01
-1.0825170422149762e+01
-9.914235586059439e+00
-7.479191095582572e+00
-5.2786226859978935e+00
-2.39473468579935e+00
-6.690632629932156e-01
-1.613784422345082e+00
-2.149236103265678e+00
-2.5534413416073467e+00
-2.7918750797291203e+00
-3.510523155055116e+00
-4.992313091832578e+00
-7.408526401801427e+00
-9.97659805134768e+00
-1.0461387454063805e+01
-1.059554814662047e+01
-1.0267203238310035e+01
-1.0839470569246691e+01
-9.513627328871964e+00
-6.696094132175961e+00
-2.3936976550483684e+00
6.370080846130332e-01
1.3704607404184e+00
2.264789253937649e+00
1.5381013929661336e+00
-1.086727541960017e+00
-5.710908151929916e+00
-9.374647357566943e+00
-1.2085688614217869e+01
-1.3866200220265407e+01
-1.3269468902880304e+01
-1.3024581718355169e+01
-1.1422342901629213e+01
-1.0069570383746006e+01
-8.058297950868951e+00
-4.817390680728566e+00
-2.1318357556549805e+00
-5.64395795729194e-01
-1.405344299815937e+00
-2.167751950536036e+00
-3.2680764530727227e+00
-4.065841341065095e+00
-5.8117618582905965e+00
-9.450808795319924e+00
-1.2218900477288495e+01
-1.63264094691987e+01
-1.660427145437359e+01
-1.9306032223575254e+01
-1.9275752365709508e+01
-2.130958191189089e+01
-1.8038693107388653e+01
-1.3747084255343552e+01
-6.522352259620692e+00
-1.499520166201893e+00
1.2565154350265122e+00
2.694752732726156e+00
1.862409995189856e+00
-9.380041271900393e-01
-5.595161397464702e+00
-1.0383741680723865e+01
-1.3399926506444732e+01
-1.5917557407681723e+01
-1.5266875060089593e+01
-1.5564043672178522e+01
-1.2877432190300999e+01
-1.1233025269394608e+01
-8.303145214907943e+00
-4.617175857451824e+00
-1.6927761744428005e+00
-7.407563281933894e-01
-1.6610034883449938e+00
-2.6153801071931455e+00
-4.5164526796742654e+00
-6.333942104738228e+00
-9.786268574469915e+00
-1.5147206653782094e+01
-1.9763101585264764e+01
-2.376905099465615e+01
-2.495602115608462e+01
-3.0014305434519493e+01
-3.0678346352309962e+01
-3.1182809610925272e+01
-2.6201270693163206e+01
-1.9763378827435538e+01
-1.1317099562803339e+01
-3.6198832552032068e+00
3.423126472673411e-01
3.0253632692507098e+00
2.1594533316359974e+00
-1.0151178947122197e+00
-6.269810907528338e+00
-1.1402788962346026e+01
-1.463933746334857e+01
-1.71787843966697e+01
-1.62232067884513e+01
-1.724352971669801e+01
-1.4749995503901161e+01
-1.216649761367728e+01
-7.983275361408543e+00
-3.7022244141025604e+00
-1.0783283612556371e+00
-1.1420348193347736e+00
-2.2845970838786256e+00
-3.3555112059787415e+00
-5.516170570140677e+00
-8.504286532923933e+00
-1.292321746695723e+01
-1.970514736952506e+01
-2.4552845870918613e+01
-2.897281255351722e+01
-2.958093276975122e+01
-3.689487509056331e+01
-3.6403545778540575e+01
-3.699658793994474e+01
-2.9432607872219275e+01
-2.3874403911325313e+01
-1.4588007549473039e+01
-7.083432615124365e+00
-1.5625335227150718e+00
2.970414627131666e+00
2.84729711892477e+00
-3.432859492396437e-01
-6.020339023730283e+00
-1.1063415067047924e+01
-1.3794099827959434e+01
-1.5919858154893227e+01
-1.5235114543327374e+01
-1.768844670423849e+01
-1.5771381785761546e+01
-1.3315990824974211e+01
-8.042080890370816e+00
-3.438372152414001e+00
-6.241265645693131e-01
-1.8592096976571828e+00
-3.788377636722052e+00
-4.494488530138457e+00
-6.998251675920608e+00
-1.0924649320971e+01
-1.7268357629173718e+01
-2.370539071102975e+01
-2.8824493848227327e+01
-3.34993902401937e+01
-3.560008495657096e+01
-3.9581471215969394e+01
-3.9965030970467126e+01
-3.874308354215011e+01
-3.2086969381468386e+01
-2.4509262840803192e+01
-1.6103410526496752e+01
-8.418415741624504e+00
-3.1478273933568817e+00
2.634940957406757e+00
3.1411688029712397e+00
-5.078985770398651e-01
-6.381968382692897e+00
-1.0308220014961627e+01
-1.3051390040068586e+01
-1.4749991530290904e+01
-1.4742492534909973e+01
-1.655976431520341e+01
-1.5721636751305402e+01
-1.3220334014105159e+01
-8.690619319695951e+00
-3.153247875597229e+00
-9.674071995748484e-02
-2.4358378090176642e+00
-4.291403502282281e+00
-5.667012969600707e+00
-8.15137359031569e+00
-1.3603221757723698e+01
-1.9532313512754275e+01
-2.720662535217463e+01
-3.135165263559259e+01
-3.865208914058939e+01
-4.022414943729184e+01
-4.3475365769734445e+01
-4.097935482308455e+01
-4.1719297492600276e+01
-3.447288966052314e+01
-2.695623884894867e+01
-1.6395150827472904e+01
-8.201035562846819e+00
-2.348741357749067e+00
2.695012123634165e+00
3.1874144997298353e+00
-5.195779010196832e-01
-5.943048395100032e+00
-1.0362384760282119e+01
-1.3190143448689724e+01
-1.558832573092337e+01
-1.5286321457028993e+01
-1.5990822361645932e+01
-1.379786232744166e+01
-1.2099060154018352e+01
-8.340162839900021e+00
-3.6840123475691287e+00
-4.284700856729907e-01
-3.692619035120033e+00
-6.151455023180898e+00
-8.365042892302395e+00
-1.170906048935367e+01
-1.6737842345049543e+01
-2.204340448904149e+01
-2.9568650786255407e+01
-3.478717546468834e+01
-4.0620234522494385e+01
-3.951504435650986e+01
-4.3767024805398776e+01
-4.283751051216317e+01
-4.2521822456706154e+01
-3.58039102918314e+01
-2.8181210817875613e+01
-1.7502714084538816e+01
-6.370280410977402e+00
-8.047618708583636e-01
3.08489841241298e+00
2.523825173806697e+00
-1.080610131713251e+00
-6.799950281424626e+00
-1.1573934313717606e+01
-1.4386562605480906e+01
-1.6107295841635402e+01
-1.4289895862335223e+01
-1.4509275707150943e+01
-1.258906877088899e+01
-1.0642694842439841e+01
-7.709731893153651e+00
-4.014847544379517e+00
-9.906751775879609e-01
-4.749763333387389e+00
-7.738898031608497e+00
-1.0704904775685954e+01
-1.3281678217247805e+01
-1.7203432644420097e+01
-2.0390490957507335e+01
-2.7058199828723236e+01
-3.0420129266006782e+01
-3.397012107600551e+01
-3.2830066277986305e+01
-3.808611073571651e+01
-3.792428454543855e+01
-3.83660971323487e+01
-3.2006589673294165e+01
-2.6429312637421525e+01
-1.5958980395372258e+01
-6.616171807458935e+00
-5.875134753790278e-01
3.4315504441634728e+00
2.596628893961722e+00
-9.801706468920697e-01
-6.71498138334903e+00
-1.1425271730960619e+01
-1.3121168688564909e+01
-1.3809223506527198e+01
-1.2146015368905319e+01
-1.2937913527681522e+01
-1.1275720749766366e+01
-9.71618724271046e+00
-6.792349313141745e+00
-4.088897543957629e+00
-1.6191231187201636e+00
-5.397180923677093e+00
-9.590690631867414e+00
-1.20784461358498e+01
-1.3655632953518419e+01
-1.6130111646565123e+01
-1.911372818998265e+01
-2.219036476296223e+01
-2.3606536129715092e+01
-2.4925780662236765e+01
-2.5411755183111215e+01
-2.7696950994677962e+01
-2.89510192480276e+01
-2.9853043595689496e+01
-2.6616601824054797e+01
-2.0028863201145704e+01
-1.3218886959999232e+01
-6.298952058778752e+00
-2.663947648297259e+00
1.1122495064555276e+00
8.610317575238304e-01
-1.9005575484758206e+00
-6.2363961992054335e+00
-8.631645301097123e+00
-9.56687345083771e+00
-1.0467079124861637e+01
-1.0272293066513548e+01
-1.050515909056957e+01
-9.265865507269957e+00
-7.827005939760146e+00
-5.954004388523985e+00
-3.4517802378389395e+00
-1.8372456698392692e+00
-5.219537916222705e+00
-8.764212225923615e+00
-1.1435641479847604e+01
-1.2203403940441339e+01
-1.445828551875642e+01
-1.625849000411867e+01
-1.8254286154718432e+01
-1.751111688443362e+01
-1.7652139018681417e+01
-1.7601324380361334e+01
-1.9331303686497336e+01
-1.9154102263145596e+01
-2.0774188254899528e+01
-1.867339007015283e+01
-1.5388000496923107e+01
-1.131032006947686e+01
-7.298210119638362e+00
-5.0973592240613605e+00
-2.8632238559604333e+00
-2.8856075527962886e+00
-4.241090963406168e+00
-5.172016569356611e+00
-5.774584922703689e+00
-6.619660383414031e+00
-7.784532544021803e+00
-8.146825335458868e+00
-8.260009652161768e+00
-6.745558271544278e+00
-6.096794683090488e+00
-5.075942381927717e+00
-3.754530657471554e+00
-2.3713039135835343e+00
-4.208914980307337e+00
-7.1938572540560575e+00
-9.267733370837627e+00
-1.0140656454656623e+01
-1.1735163669416428e+01
-1.1559776827942462e+01
-1.354456996047085e+01
-1.311282720519524e+01
-1.2085236050329751e+01
-1.1347606796366495e+01
-1.2225691813283682e+01
-1.149602203496824e+01
-1.1210161442734154e+01
-1.042890723079654e+01
-1.0105763289090728e+01
-8.72947298264606e+00
-5.922475856941505e+00
-4.6274557781606e+00
-4.05145828610506e+00
-4.016623527390042e+00
-3.6059682960713872e+00
-3.3849497112914126e+00
-4.085909684205249e+00
-4.617625556644999e+00
-5.433760919067827e+00
-5.305303267644424e+00
-5.391677229178589e+00
-4.392746764070006e+00
-4.2858815045357606e+00
-3.9510255257610924e+00
-3.3869849309583966e+00
-2.1344580218319624e+00
-2.425266745742889e+00
-4.402251582809125e+00
-5.391221044334501e+00
-5.953283633765572e+00
-6.7969364857897645e+00
-6.544942982672407e+00
-7.883692790331147e+00
-7.68743234703432e+00
-7.248421941336673e+00
-6.359248889528172e+00
-6.340826953984006e+00
-5.65482509471395e+00
-5.571638632610804e+00
-5.094541551194497e+00
-5.379419145571365e+00
-4.857366346568645e+00
-3.1838653627809297e+00
-2.5174584758341396e+00
-2.315152329697268e+00
-1.6349758960968972e+00
-9.992742148644376e-01
-1.4939412243853463e+00
-2.4272807830425345e+00
-2.8182198459758103e+00
-3.073665853424547e+00
-2.85736345500376e+00
-2.922121899005991e+00
-2.360577865801931e+00
-2.3803335318337866e+00
-2.175543571474809e+00
-1.8714934371115182e+00
-1.0740289069897992e+00
