-4.818554530278155e-01
-7.673077066184029e-01
-6.573485106957289e-01
-6.059035494245688e-01
-7.070044525625522e-01
-1.3300127834074986e+00
-2.0909388858068105e+00
-3.231744532007829e+00
-4.01314909547936e+00
-3.9772393842032634e+00
-3.410344500798696e+00
-2.688843246917652e+00
-2.509390289004529e+00
-2.6489102902362087e+00
-2.4778151419344256e+00
-2.4085397055043205e+00
-2.6692061400889338e+00
-3.2554098654777452e+00
-3.5056380320259466e+00
-3.7586854910150382e+00
-3.9299337647484425e+00
-4.031235619027949e+00
-4.210364408762818e+00
-4.1260765730092785e+00
-3.896487670515249e+00
-2.843921445374699e+00
-1.7788300037670914e+00
-1.0329146905422253e+00
-9.962384650563427e-01
-8.188476219561647e-01
-8.10296946724631e-01
-7.387740646017595e-01
-8.328118149432062e-01
-1.1859778433807147e+00
-1.2313684057745036e+00
-1.4754860454023622e+00
-1.7658489343053643e+00
-2.1895701506767615e+00
-2.96263982033774e+00
-3.938964559632994e+00
-5.071245868441752e+00
-5.062601877367443e+00
-4.684321238902379e+00
-3.9598484819225326e+00
-4.599071854079284e+00
-5.187455882173378e+00
-5.359207685585764e+00
-5.075925353001116e+00
-5.831995256413062e+00
-6.147862731340805e+00
-6.609231383344433e+00
-6.32216432222494e+00
-7.127838053473641e+00
-7.122250507404432e+00
-7.760268467173752e+00
-7.337013918191428e+00
-7.3944286544375535e+00
-5.76590662621999e+00
-4.463478411275338e+00
-2.865200266517862e+00
-2.2863043587483998e+00
-2.095133184033909e+00
-2.1161125388188013e+00
-1.6161169829674156e+00
-1.241125225147951e+00
-2.2599360155035946e+00
-3.3134032552756243e+00
-3.6457160228881236e+00
-3.6550400650680985e+00
-3.533901682018787e+00
-4.258790600267121e+00
-5.160560580402947e+00
-6.557895821324499e+00
-6.630586620946628e+00
-6.987487500222237e+00
-6.468306147968489e+00
-6.847990219882837e+00
-7.014655195943412e+00
-7.718961726711769e+00
-7.732931728034679e+00
-8.63863575028403e+00
-9.108757419772942e+00
-9.988846764412122e+00
-9.585578084791589e+00
-1.0034722386289765e+01
-1.03886313621999e+01
-1.184658138293225e+01
-1.1157183845679633e+01
-1.0343475894558987e+01
-8.801071633253638e+00
-8.0482457177885e+00
-5.804511183942173e+00
-4.440668301076018e+00
-3.9985050873281702e+00
-3.8534564671745293e+00
-2.5927864265531904e+00
-1.6842817768647307e+00
-3.3784873703403524e+00
-4.930931109331503e+00
-5.321044019023917e+00
-5.489795459084391e+00
-4.786312774817774e+00
-5.247677755405748e+00
-5.9460945319694725e+00
-7.43036748754641e+00
-7.417953034028828e+00
-8.181403146736061e+00
-6.852360284552745e+00
-6.60803120572806e+00
-5.858377489217943e+00
-6.833472168802067e+00
-7.358225522755238e+00
-8.436974070083814e+00
-9.151815745293387e+00
-9.509152607088916e+00
-8.62155866705384e+00
-9.302557541810097e+00
-1.025864744254688e+01
-1.2022785671110523e+01
-1.1529980062023188e+01
-1.136941107435598e+01
-1.0817468115352813e+01
-1.0814735790454622e+01
-8.273013935098783e+00
-7.234156163942963e+00
-6.151288811283538e+00
-5.857514621420706e+00
-3.978748957903384e+00
-2.207233102968736e+00
-3.9478571048848683e+00
-4.832675569328595e+00
-5.636705028658272e+00
-6.536506024443021e+00
-6.934278702758266e+00
-7.520684401465092e+00
-7.825630817639456e+00
-8.775561019946387e+00
-8.689682540696221e+00
-8.0510682115038e+00
-6.575673223314368e+00
-6.315322144893865e+00
-6.402711578615596e+00
-7.066178788278986e+00
-7.279254014048248e+00
-7.182406526414243e+00
-6.7867454897289585e+00
-5.482417639306394e+00
-5.147619314863678e+00
-6.261201902509416e+00
-8.214533745317446e+00
-1.005660533779028e+01
-1.1105550396357069e+01
-1.2235936239989783e+01
-1.2749459869378175e+01
-1.252176218290597e+01
-1.129146641515989e+01
-1.0322974581076728e+01
-9.154973711802057e+00
-7.889697077122265e+00
-5.835133979593326e+00
-2.012609614985254e+00
-3.2037152896901055e+00
-4.055671779147418e+00
-5.303101091079672e+00
-7.369901858177916e+00
-8.696781785917072e+00
-1.0227784617644769e+01
-9.354167123467011e+00
-9.275720866231904e+00
-8.495386136803566e+00
-8.718518037067723e+00
-7.910423189911438e+00
-9.411891513314405e+00
-9.860442553550431e+00
-1.0545085875563936e+01
-8.337050013193245e+00
-5.9210137117930595e+00
-3.534890692803456e+00
-1.7347798287006255e+00
-1.39909217960178e+00
-3.047880803439566e+00
-6.21189450729658e+00
-9.210975586868962e+00
-1.1088873631138815e+01
-1.309317594356037e+01
-1.373285279042491e+01
-1.5026573889989255e+01
-1.408054232268113e+01
-1.4209040843283846e+01
-1.2499172724805836e+01
-1.0749003850669055e+01
-7.603759343878193e+00
-1.7411941283008208e+00
-2.8550613910522915e+00
-4.003453720040753e+00
-5.6495366846118e+00
-7.467368595492709e+00
-8.86432112959552e+00
-1.0368504973140377e+01
-9.410000923558654e+00
-8.674371943837093e+00
-8.29522943418252e+00
-1.0446156251705771e+01
-1.1831157242281364e+01
-1.400845567949185e+01
-1.4026353103633587e+01
-1.2956189430538393e+01
-8.598517082991764e+00
-3.724090332829531e+00
-6.550822463705409e-01
1.3681738744570464e+00
9.886160411171013e-01
-1.0694989833299042e+00
-4.866740999872037e+00
-7.782795809865147e+00
-1.0625508941919103e+01
-1.2983781642371506e+01
-1.4322642648661812e+01
-1.719413812873133e+01
-1.737787321085321e+01
-1.6992554068384333e+01
-1.4220331792419284e+01
-1.2946436378533988e+01
-1.0153485420221042e+01
-1.905596453531489e+00
-3.346450971527085e+00
-4.524565992357299e+00
-5.441546846409671e+00
-6.377199042929025e+00
-7.026556474921924e+00
-8.67492329312502e+00
-8.838435438556852e+00
-8.786793303292749e+00
-8.919991391090878e+00
-1.177589675829037e+01
-1.3321969317740493e+01
-1.4953678610324248e+01
-1.3824093426768975e+01
-1.1384126179210217e+01
-6.792401868251504e+00
-2.699457068745515e+00
2.8716891197477884e-01
2.836769315241842e+00
2.2619466128346186e+00
2.4181542996608668e-01
-3.019562582793869e+00
-4.794756127187072e+00
-7.690163575977211e+00
-1.040054698254398e+01
-1.3178741636781535e+01
-1.626120724942804e+01
-1.61171639633895e+01
-1.5850291130246026e+01
-1.3437232755757577e+01
-1.3781337183685386e+01
-1.1311656362867248e+01
-2.7382338590421167e+00
-4.774190604900771e+00
-5.355394087281213e+00
-5.397402373730413e+00
-6.258368039382111e+00
-7.598850059109714e+00
-9.284241786539742e+00
-1.0140958721782312e+01
-1.1124203023215964e+01
-1.138778879846199e+01
-1.2191615306285664e+01
-1.256978405188786e+01
-1.2810991282072461e+01
-1.0375839975778424e+01
-6.752581811180575e+00
-2.9803970108110303e+00
6.688426526920983e-02
1.8492983505446163e+00
3.4193312596488177e+00
2.5408689464027563e+00
5.397148228423293e-01
-1.5508846860960228e+00
-1.8914632987284965e+00
-3.56108094558643e+00
-7.0841726495155015e+00
-1.1170416093910292e+01
-1.3665034646672094e+01
-1.4330487442010712e+01
-1.4484092094870414e+01
-1.349529030130563e+01
-1.3495838341498013e+01
-1.138526535439348e+01
-3.0789590541998164e+00
-4.829535557012112e+00
-5.621703564535142e+00
-5.619261873611027e+00
-7.601579324277204e+00
-9.498113612091869e+00
-1.1839714517634581e+01
-1.1924444214829387e+01
-1.3552795454766889e+01
-1.2727344548164162e+01
-1.2147696976576231e+01
-1.0845623471803078e+01
-1.0297145287697436e+01
-7.885124367589788e+00
-4.701675825473614e+00
-6.354617358306445e-01
2.660837899816634e+00
3.3795684857402835e+00
3.2932354618188273e+00
1.9373099976936532e+00
8.800546623842482e-01
-3.121679260836256e-01
-1.280997890091037e-01
-1.266893048708333e+00
-4.583951282246133e+00
-8.847841059658073e+00
-1.2029035199521838e+01
-1.2447435181039067e+01
-1.429504230343656e+01
-1.4003108527077034e+01
-1.4028216237536135e+01
-1.1056497618260433e+01
-3.3140022663416673e+00
-5.135138323313473e+00
-6.408662970558827e+00
-7.319646403907667e+00
-9.09359851129455e+00
-1.0731084874933194e+01
-1.336150743300085e+01
-1.4252984999964513e+01
-1.4628635511817851e+01
-1.2159552537810244e+01
-1.0851843458069824e+01
-8.828118863412707e+00
-7.455180594633021e+00
-5.486051611524104e+00
-2.622009598692569e+00
9.202537224541871e-01
3.8947053417490562e+00
3.597440313222592e+00
2.3427518865697086e+00
9.978907507934417e-01
4.7172735109784497e-01
3.6452374015410086e-02
2.60580898267413e-01
-7.875550896590257e-01
-3.1056424510640483e+00
-6.626399943661993e+00
-9.65259460827976e+00
-1.1109765919331076e+01
-1.362493415936323e+01
-1.3408250668999273e+01
-1.4520069020827501e+01
-1.2281982731826488e+01
-3.123412473839906e+00
-5.440024301873062e+00
-7.228479013266403e+00
-8.210051218120258e+00
-9.598169067314501e+00
-1.0449551839745585e+01
-1.3148308474539096e+01
-1.4061324973939481e+01
-1.3834257155584591e+01
-1.0939455400846361e+01
-9.376007836096392e+00
-6.548919332718499e+00
-5.073926319922969e+00
-3.5417450599753137e+00
-1.6808008708529032e+00
1.0884930089382778e+00
3.6272947501179837e+00
2.499202848255403e+00
1.5442932425090807e+00
6.550930295867167e-01
9.724263630747741e-01
6.388577068509846e-01
-1.5757272442635803e-01
-9.274575284093729e-01
-2.2232929123610257e+00
-4.672982800670085e+00
-6.891332691311855e+00
-9.00870726451668e+00
-1.1361960603448775e+01
-1.2199407080510348e+01
-1.4432148305361666e+01
-1.2059129297925574e+01
-3.110808917490248e+00
-5.797051682869425e+00
-7.329152800633277e+00
-8.420791737621741e+00
-9.579165778414099e+00
-1.0283514245095532e+01
-1.1740503579321956e+01
-1.2533186845540602e+01
-1.2474968121841759e+01
-1.0354687558665985e+01
-7.339364699644651e+00
-4.426633884593277e+00
-2.884860096261333e+00
-2.498027227706692e+00
-9.926598216425196e-01
1.4118642548678204e+00
2.5772598953229244e+00
1.0550945125264262e+00
2.4305744776131102e-01
3.218356234467131e-01
1.314127117075865e+00
7.95117175363314e-01
5.504990929998699e-02
-1.81273366287552e-01
-5.026252561892717e-01
-1.9103543117398818e+00
-3.9497726434147027e+00
-6.527925857317951e+00
-9.482389332209976e+00
-1.1264914285966217e+01
-1.2646624359079247e+01
-1.0689767440229529e+01
-2.694461498085489e+00
-5.014944950397824e+00
-6.905981073488919e+00
-7.660400295634914e+00
-8.530473686112455e+00
-9.01370489779118e+00
-1.0531617439851695e+01
-1.0810119372379424e+01
-1.1311819348474312e+01
-9.39614458514222e+00
-6.532162475535518e+00
-3.544689883699183e+00
-1.8222174435222058e+00
-1.232690977624514e+00
8.136272297366198e-02
1.8012427346567197e+00
2.677916147369182e+00
1.1648449971731136e+00
7.473688071861602e-01
1.1234591431665317e+00
1.5447826388849242e+00
1.0464764894712903e+00
2.1332686730802833e-01
-2.2399585596346847e-02
1.0712827674120424e+00
6.70174681094476e-01
-1.2669609272761757e+00
-4.182133634479246e+00
-7.38219589087355e+00
-9.677917384340072e+00
-1.0863189153591355e+01
-8.572887165484058e+00
-2.854977096284838e+00
-5.192904406860177e+00
-6.94697303202683e+00
-7.367081057325018e+00
-7.8669988874786485e+00
-7.9157609827558195e+00
-1.000082208288943e+01
-1.0753129690559954e+01
-1.055487743663748e+01
-8.084688273547545e+00
-5.674839330503771e+00
-3.0753390305389683e+00
-1.4137224616984962e+00
-4.392947201069423e-01
1.3323086721512323e+00
2.4255907202261864e+00
2.440853054381217e+00
1.5561948042910636e+00
1.7019949807383201e+00
1.8902310295534532e+00
2.0639155198950645e+00
1.5545302402644963e+00
2.6340554302745517e-01
-7.205181350594776e-02
1.1833105347667148e+00
1.9081741908347718e+00
9.450803784384292e-01
-2.4681904392967198e+00
-5.793678992325517e+00
-7.150973828121387e+00
-8.6649021245645e+00
-7.329855428961732e+00
-3.0523990520543354e+00
-5.344930750995915e+00
-6.784089723985119e+00
-6.815947074197311e+00
-7.781087353118815e+00
-7.708999165090636e+00
-1.0005190832546711e+01
-1.0297706566912556e+01
-9.473841689073883e+00
-6.785581904767721e+00
-4.884161617638809e+00
-2.5555078962637423e+00
-1.3430552776573623e+00
-5.7672653418735814e-02
2.236451608097402e+00
2.482579125600298e+00
2.2801891822587703e+00
2.2202523973862647e+00
2.830528608719865e+00
2.8511962002520104e+00
2.4062089601958423e+00
1.0193191291648729e+00
-1.018182817216914e+00
-1.5161103136009153e+00
-9.262359336995024e-01
1.2392738814669157e+00
2.518229890739253e+00
-5.237369541374332e-01
-3.7791550858684326e+00
-5.786418815038566e+00
-7.819399707053185e+00
-6.787806306098748e+00
-3.6024151189907605e+00
-5.958287623423466e+00
-6.825023010830692e+00
-7.3017053071205495e+00
-9.055060021790423e+00
-9.937936081584965e+00
-1.0839267210317631e+01
-9.854869475686764e+00
-8.604456333510255e+00
-6.308599212099375e+00
-3.3811216509227755e+00
-1.2967027922366292e+00
-4.516559807161573e-01
4.432930327527691e-01
1.955565174853691e+00
1.8031070753810101e+00
2.1022051422258614e+00
3.048050528249459e+00
3.3022797140754556e+00
2.309362203572181e+00
1.006081831637523e+00
-5.856727651046295e-01
-2.093970366607988e+00
-2.433858610037637e+00
-1.1457389653598082e+00
1.9389957175443544e+00
3.7687404712631563e+00
1.2500759035522233e+00
-2.4638683067807436e+00
-5.296306063960055e+00
-7.145847498939996e+00
-6.116530877076407e+00
-3.795137167488733e+00
-6.287621214354724e+00
-8.106583755396477e+00
-9.323262021723533e+00
-1.2672528532305892e+01
-1.3263657871050214e+01
-1.3276770287875909e+01
-1.0528870846350324e+01
-8.580887211999304e+00
-5.042319810629007e+00
-2.062607138332511e+00
1.2758611962665373e-01
1.4087858679308793e+00
1.655183383512111e+00
2.294606849420778e+00
2.030166522962225e+00
2.8162493872308736e+00
3.0144746574913657e+00
2.429757083670283e+00
5.75826368014924e-01
-8.786794125894486e-01
-7.780468053017525e-01
-5.769112631706078e-01
-2.3995999482775428e-02
1.1759458210037612e+00
3.2363121016101397e+00
4.295635497318231e+00
1.6030078088077933e+00
-2.8176591306758887e+00
-6.437005424273897e+00
-8.319689692521367e+00
-6.0590899208406e+00
-4.383006085235464e+00
-7.411516823321221e+00
-1.0624279948218858e+01
-1.3351079268429634e+01
-1.6201935016536282e+01
-1.5911178232334818e+01
-1.6041173588192983e+01
-1.2983977123366541e+01
-8.83837804691172e+00
-4.538569317207587e+00
-7.09759646621577e-01
1.7035451256808976e+00
2.4131366572811643e+00
2.0029847347038396e+00
2.529162984644235e+00
3.0019641136068422e+00
3.1846429971390684e+00
1.5262993793420947e+00
1.937628676051818e-01
-3.659242157110463e-01
3.0749769645707054e-01
1.960758053634356e+00
2.339628122413067e+00
2.987908617875729e+00
3.6012742377584432e+00
3.6471943193786056e+00
3.0780742386086026e+00
-8.735858987437461e-02
-4.091481726128252e+00
-6.839162682294322e+00
-8.801635709152567e+00
-6.619187563462215e+00
-4.695496226271919e+00
-8.245984640652031e+00
-1.1962599596027081e+01
-1.4482433432251822e+01
-1.7129309707310462e+01
-1.654383540609539e+01
-1.81878960395171e+01
-1.5060379830240233e+01
-1.0668573338345494e+01
-4.82147201639745e+00
1.6047857514903557e-01
2.235140159544177e+00
1.981292056725332e+00
9.710194042056229e-01
1.939348312049001e+00
3.2694645194159286e+00
2.9498148708227747e+00
-9.083837779833998e-02
-8.905112783750435e-01
7.966984411970008e-01
2.174079832746867e+00
2.7423582892736875e+00
2.4633783836408276e+00
2.714795942834058e+00
1.8692132553472771e+00
1.3282523764277365e+00
2.933490189093713e-01
-2.1981757731777445e+00
-5.609834213902798e+00
-7.413333068253371e+00
-8.8272167885153e+00
-6.64777669540394e+00
-4.9747900838530015e+00
-9.12732978992229e+00
-1.2079844796324847e+01
-1.4537471955397733e+01
-1.7768628821546848e+01
-1.866086399361419e+01
-1.9543740931293623e+01
-1.6429479197372853e+01
-1.1293465707143383e+01
-5.1099710071194515e+00
8.132235440829118e-01
2.278439814675551e+00
9.437696893789522e-01
7.275557366322094e-03
9.178237455942615e-01
2.1549995165691453e+00
1.8093840464927382e+00
7.320613310661783e-02
4.900513910610116e-02
1.3130033359905657e+00
8.158685865269695e-01
-5.14993402452234e-01
-1.3433262069944838e+00
-1.9165379571375474e+00
-2.7104518210206656e+00
-2.985822365214905e+00
-3.676572912011693e+00
-5.306698807113615e+00
-7.5360382738199885e+00
-8.213072390019367e+00
-8.066042488896013e+00
-5.667920505801518e+00
-4.641990482490771e+00
-8.377254388391776e+00
-1.1640948074637121e+01
-1.4036662049556876e+01
-1.838144494767945e+01
-2.016054045169832e+01
-2.1382163790268415e+01
-1.666726925197181e+01
-1.1388294431707612e+01
-4.618888661956654e+00
9.515264996232391e-01
2.369230098589376e+00
1.5395974618895691e+00
4.928741062283998e-01
8.954902218387049e-01
1.6007631064587304e+00
1.9054988923636156e+00
1.1118706351758834e+00
2.0270296912742078e-01
-1.505643391528053e+00
-3.608556213509827e+00
-5.0933326084477e+00
-6.956316058500874e+00
-7.74175761012163e+00
-8.607595052877421e+00
-7.625007780096961e+00
-7.5714507442713606e+00
-7.3608321578111005e+00
-8.818689235186342e+00
-8.688433380575349e+00
-7.112692298003536e+00
-3.9846885253796067e+00
-4.458618634829433e+00
-8.146391509702886e+00
-1.1245733486832215e+01
-1.4498097612028733e+01
-1.9090338741697416e+01
-2.048090698399195e+01
-2.2258749407275154e+01
-1.7792555926543777e+01
-1.1174096810229475e+01
-4.773862624967935e+00
7.15453752221952e-01
2.6033407156715986e+00
2.329035959694187e+00
1.6052624094126955e+00
1.9120880087303966e+00
1.8062944490627637e+00
1.7302914428941887e+00
1.3482614020002684e-01
-1.902973883943968e+00
-5.383692720111888e+00
-8.372591417822496e+00
-1.0283301519006098e+01
-1.2549596981928334e+01
-1.3238986199921527e+01
-1.350756507361769e+01
-1.1840122663942264e+01
-1.0868737566711028e+01
-8.914455626382956e+00
-8.435041955043387e+00
-7.063116553011786e+00
-5.097074505450632e+00
-2.829052004661747e+00
-3.9145273802433205e+00
-7.38933683911374e+00
-1.0304935667833588e+01
-1.3666836870362575e+01
-1.7599358467877003e+01
-1.8320401299318807e+01
-2.030574763897118e+01
-1.6681975863831745e+01
-1.1470818414980332e+01
-5.28700971986044e+00
1.5062529651184167e-01
2.3774998906877576e+00
2.500867480995034e+00
1.9909773389855263e+00
2.17338302946508e+00
1.583926866067711e+00
6.018896752026746e-01
-2.0460390510583464e+00
-5.088909793479378e+00
-8.459289010612535e+00
-1.1928066666485412e+01
-1.3678656060210495e+01
-1.671649602572679e+01
-1.635870420501351e+01
-1.6601810591385224e+01
-1.409517572567394e+01
-1.3375155482391648e+01
-1.0093725739428134e+01
-8.647631636599526e+00
-6.456113292575701e+00
-4.444891290468795e+00
-2.3333072143667173e+00
-3.967940393219997e+00
-7.100278687234059e+00
-9.248554090278471e+00
-1.1778417476209743e+01
-1.4775456878953046e+01
-1.5073692362220312e+01
-1.5806548647368228e+01
-1.4134346837789783e+01
-1.0755312580574268e+01
-6.051371350508158e+00
-8.822288218751805e-01
1.2363722828028194e+00
1.4798684612529225e+00
7.535945609336463e-01
7.562765800305336e-01
-1.4610372234528257e-01
-1.8908778433729063e+00
-5.6485602972951945e+00
-8.521230246495255e+00
-1.201136083381059e+01
-1.5673310878869405e+01
-1.790983872165969e+01
-1.97942818143406e+01
-1.981253191483211e+01
-1.9489564320165577e+01
-1.669122465121116e+01
-1.3711389602416503e+01
-1.0209006372768462e+01
-7.918727975589067e+00
-5.947990250306367e+00
-3.2451121562277954e+00
-1.200516128666834e+00
-3.5036227259644477e+00
-5.699549908748098e+00
-7.40355709292044e+00
-8.917793417735627e+00
-1.1079670999904629e+01
-1.1670901238360589e+01
-1.2340103603169345e+01
-1.0824194191127663e+01
-9.166572518470083e+00
-6.129843327662857e+00
-2.936142159955008e+00
-7.372535659584993e-01
-9.541991754649298e-02
-9.337026689632424e-01
-2.1766968543420218e+00
-3.5062870006605404e+00
-5.662642529285949e+00
-8.52197224602892e+00
-1.2032344307749753e+01
-1.4986952120153228e+01
-1.9646118828275284e+01
-2.0333911845039847e+01
-2.2083311227337674e+01
-2.2015303076407548e+01
-2.250114906674497e+01
-1.8068158419498417e+01
-1.349929952321018e+01
-8.857230400137336e+00
-6.367686125858712e+00
-4.546456033727159e+00
-2.184091617905096e+00
-3.1957784812497536e-01
-3.3017480834160624e+00
-5.181502530551521e+00
-6.130297655191759e+00
-6.738706099046723e+00
-8.069970503588625e+00
-8.421510735495815e+00
-9.724233276865588e+00
-9.370823337189577e+00
-8.717514880516314e+00
-7.868156578494108e+00
-7.232069075022702e+00
-5.952026148350255e+00
-5.461352627884844e+00
-6.705327246318452e+00
-8.137561202363196e+00
-9.946587991496484e+00
-1.179708995054136e+01
-1.4095684316578403e+01
-1.7310642285275534e+01
-1.986307519443516e+01
-2.2812732255234963e+01
-2.2550213988279438e+01
-2.446575578928601e+01
-2.3509260933030504e+01
-2.164052824199312e+01
-1.5978378189289387e+01
-1.1467368850667869e+01
-7.3815472157447095e+00
-5.083191839837172e+00
-3.745012266130173e+00
-1.830443095364706e+00
-7.649623529422218e-01
-2.6499043612835615e+00
-4.453256358045997e+00
-5.11816120508744e+00
-5.43642113441281e+00
-5.971614763796956e+00
-6.213223108560268e+00
-7.478526147828758e+00
-8.292882445595964e+00
-8.766436289842403e+00
-8.989180446285733e+00
-1.073727413293178e+01
-1.0580272525613891e+01
-1.2191184758937915e+01
-1.2492319301968491e+01
-1.4111567549393794e+01
-1.3628078710333225e+01
-1.4773879275620976e+01
-1.6106948312296847e+01
-1.858734283007319e+01
-1.90567447057772e+01
-2.093488758171883e+01
-2.0086885523164177e+01
-2.233562260437017e+01
-2.0236539164309413e+01
-1.8074632002645366e+01
-1.3059385502934582e+01
-9.88315518821444e+00
-6.950135901968848e+00
-5.897107826580703e+00
-4.689209136834148e+00
-3.4855330977139807e+00
-2.276777838519703e+00
-2.290283814800919e+00
-3.905920414763524e+00
-4.2307925697876225e+00
-4.2513499327843824e+00
-4.6296534585546265e+00
-5.1509295943927285e+00
-6.074751491218277e+00
-7.723255204823904e+00
-9.826993993016321e+00
-1.0997240454607363e+01
-1.27987654030345e+01
-1.475856270411113e+01
-1.6554429664975174e+01
-1.7090676290641873e+01
-1.6286461838598054e+01
-1.390370640427184e+01
-1.3007206734084443e+01
-1.3605576977580645e+01
-1.4497096618786204e+01
-1.4857564403029116e+01
-1.598750187099191e+01
-1.672248671186049e+01
-1.7394460752480377e+01
-1.6152664643822614e+01
-1.395732759440641e+01
-1.1103114890697855e+01
-8.423735466500139e+00
-7.2266837940156705e+00
-6.640209420457763e+00
-6.080703134671289e+00
-4.623931587300091e+00
-3.3070306905213736e+00
-1.3467138041844622e+00
-2.44261178826207e+00
-2.8130134820840094e+00
-3.0885272577272493e+00
-3.440125269186666e+00
-4.353306117142953e+00
-5.639573416237311e+00
-7.308093220226353e+00
-1.0388850404290912e+01
-1.2349019974326449e+01
-1.4614424670920956e+01
-1.5777459323714039e+01
-1.8572622839006428e+01
-1.786879852171952e+01
-1.6126240512601516e+01
-1.2068683848901731e+01
-1.0582928954078199e+01
-9.922587930688527e+00
-9.441352376280433e+00
-9.095734106851253e+00
-9.871437174278418e+00
-1.0921240233479182e+01
-1.201142304614487e+01
-1.1076384158361677e+01
-1.010157982407744e+01
-8.388943467239017e+00
-7.104554374167723e+00
-6.192228849349354e+00
-6.122632435794573e+00
-5.614073964063821e+00
-4.2590474440845485e+00
-3.1619130644123747e+00
-7.405619203303441e-01
-1.2253078922035465e+00
-1.5424181143841191e+00
-2.2257938810679083e+00
-2.7465902576968557e+00
-3.5496727351328943e+00
-5.0982570009924215e+00
-7.004093105123967e+00
-9.667457883133027e+00
-1.1367829179527003e+01
-1.3772899562230208e+01
-1.4681937343351162e+01
-1.617491238199615e+01
-1.4235700780628777e+01
-1.3122048129889858e+01
-1.0110168020708052e+01
-7.737792007440282e+00
-6.115537438010107e+00
-5.284909087665833e+00
-4.913286497359083e+00
-5.059634896067276e+00
-5.403806118339557e+00
-6.644072373892691e+00
-6.374874495196073e+00
-5.831872546309111e+00
-4.95845054919499e+00
-4.768770395390828e+00
-4.323034372201431e+00
-4.4806638436563615e+00
-3.54020856547484e+00
-2.7954556584244696e+00
-2.1991772077720464e+00
-9.985934739462092e-02
-4.30039537746842e-01
-6.48687291447598e-01
-1.2487412925055368e+00
-1.5260205562088962e+00
-2.066216072382417e+00
-3.134775811376205e+00
-4.662203184620143e+00
-6.0067835925782225e+00
-7.031304889092407e+00
-9.1140527885108e+00
-9.533604638297689e+00
-9.74999430527512e+00
-7.80474008446975e+00
-7.8110673982653385e+00
-5.761571770140865e+00
-4.657814471600024e+00
-3.3462439227536303e+00
-2.4711270752528596e+00
-2.289077345142653e+00
-2.2394420129136967e+00
-2.4954780556945204e+00
-2.897612662230247e+00
-2.8655021776457854e+00
-2.4193710118982157e+00
-2.1783350690216117e+00
-2.1732200434116318e+00
-2.2397799618486642e+00
-2.0203383548871616e+00
-1.3970019747954132e+00
-1.2222474736016251e+00
-1.1238912699003352e+00
