-4.500542952666029e-01
-8.433444196889562e-01
-9.0048217533237e-01
-1.2809962867240081e+00
-1.6323965219680947e+00
-1.825433461498722e+00
-1.7763828124449883e+00
-1.6405044297586981e+00
-1.7931586422171057e+00
-1.8229091762725365e+00
-1.4244968830510052e+00
-1.0288675195207464e+00
-9.553076168401762e-01
-1.0410932296307893e+00
-1.3382878303897594e+00
-2.2641814357815275e+00
-3.379664687271446e+00
-3.286472379128112e+00
-2.4996523876426613e+00
-1.8997570942089608e+00
-2.479199822515492e+00
-2.501048351982111e+00
-2.2789032316217073e+00
-2.1626268156902175e+00
-2.539682991332929e+00
-2.2363087422687027e+00
-1.7624463526675893e+00
-1.8943178772150018e+00
-2.4992438032199784e+00
-2.5702359772128567e+00
-2.5530853917818206e+00
-2.0089907511753746e+00
-8.551314322968318e-01
-1.425920387431211e+00
-1.6453644420737794e+00
-2.2140696117750704e+00
-3.0644024195300914e+00
-3.2253884469683056e+00
-3.158105846442584e+00
-2.7427654826662273e+00
-3.1483503241081623e+00
-3.1873595617120376e+00
-2.965226927672904e+00
-2.3873766633528493e+00
-2.659891501690546e+00
-3.101134493381926e+00
-4.089833853751469e+00
-4.851993489753222e+00
-5.85025831957905e+00
-5.446474694654048e+00
-4.956575814504162e+00
-4.528537758874604e+00
-5.526633107832508e+00
-5.1284812178760495e+00
-4.958795478016336e+00
-4.6155373494533105e+00
-4.842104376316216e+00
-4.184706287469376e+00
-3.5461545750799006e+00
-3.5872209342150523e+00
-4.822756647005789e+00
-5.018148074262319e+00
-4.931445933520261e+00
-3.972546735915963e+00
-1.4086073247561488e+00
-2.4052172871915563e+00
-3.1592132299922353e+00
-3.9668617313396837e+00
-4.857012159286116e+00
-5.060890029319703e+00
-5.276003993426169e+00
-4.90217594627914e+00
-5.337859771378803e+00
-5.573679298455013e+00
-5.610839046933283e+00
-5.266330372410499e+00
-5.824630667815732e+00
-7.259884799126735e+00
-9.166924447747773e+00
-1.006562194145973e+01
-1.0052045534409e+01
-1.020127532027367e+01
-1.134135075687433e+01
-1.1843300680081128e+01
-1.2070031407691955e+01
-1.1555340231386408e+01
-1.1384691466177088e+01
-1.037035749203233e+01
-9.202829859721732e+00
-7.775539663908261e+00
-6.976433409017798e+00
-7.09155258698109e+00
-8.227273314434337e+00
-8.444173309039208e+00
-8.593827645664259e+00
-7.219273000371544e+00
-1.7599324373414238e+00
-2.977423542634453e+00
-3.932982554258059e+00
-4.745665477156948e+00
-5.727700186801088e+00
-5.605129105022314e+00
-6.144667831011615e+00
-6.294941420579182e+00
-6.810466618904072e+00
-6.97326362825413e+00
-7.192602813576043e+00
-7.023865996512637e+00
-8.822375857123253e+00
-1.1232715892368079e+01
-1.4289358356235475e+01
-1.4910171669970078e+01
-1.602085302197308e+01
-1.6155205466523345e+01
-1.9357029928079562e+01
-1.9908812212905936e+01
-2.140935206306052e+01
-1.970385905295352e+01
-2.0377487511407356e+01
-1.68839919889752e+01
-1.5190178032465777e+01
-1.2122727588757002e+01
-1.1196362045527229e+01
-1.0099520252005131e+01
-1.1073850626876013e+01
-1.0702645690576025e+01
-1.1139026568519402e+01
-9.038287989998155e+00
-1.9128415652510198e+00
-3.293910172237061e+00
-3.9416913663947977e+00
-4.761747518351832e+00
-5.899177703891936e+00
-6.253256308797615e+00
-6.84279099301388e+00
-7.112956045543544e+00
-7.316447391699386e+00
-7.396750603733994e+00
-6.847577845655182e+00
-7.992834408345103e+00
-1.1192576214055684e+01
-1.5330134940831256e+01
-1.7879536221175915e+01
-1.995071322909408e+01
-2.203622397290529e+01
-2.3729503213022404e+01
-2.577383520680422e+01
-2.731193192809766e+01
-2.8359057805444166e+01
-2.752841882458435e+01
-2.621626501750362e+01
-2.2935631583937994e+01
-1.952790550292705e+01
-1.6493502963489608e+01
-1.371284650192208e+01
-1.1793313184368936e+01
-1.1473068926727594e+01
-1.1036188446973004e+01
-1.0723160849536908e+01
-8.629827120388178e+00
-1.7390884282317345e+00
-2.962983276836229e+00
-3.6923822605508274e+00
-4.518577884881451e+00
-5.933536355656979e+00
-6.63867115505674e+00
-7.331268473904516e+00
-6.66568859944365e+00
-6.390076400090176e+00
-5.7264550969748855e+00
-5.5120225083096335e+00
-7.042843926151466e+00
-1.1299150214282168e+01
-1.510388084063801e+01
-1.8780011932523653e+01
-2.12636959368995e+01
-2.4906873432348593e+01
-2.59057654324701e+01
-2.7659410312686706e+01
-2.7281635009836673e+01
-2.9346914402093713e+01
-2.793322821769415e+01
-2.750024101707061e+01
-2.3699707886447246e+01
-2.1600995460635644e+01
-1.823248532155203e+01
-1.5204550649532905e+01
-1.1701426635042026e+01
-1.1081478492892698e+01
-9.799868110217137e+00
-9.246440422510304e+00
-7.0629234218899e+00
-2.0088908946178425e+00
-3.629825179678418e+00
-4.630726059632836e+00
-5.470273507638579e+00
-6.721627260040806e+00
-6.818171315001891e+00
-7.225784768840711e+00
-5.926323321725596e+00
-4.505369998701861e+00
-3.434416374657485e+00
-3.42168237147294e+00
-5.283967056708974e+00
-8.87895187446659e+00
-1.2208157709136978e+01
-1.5806474954644848e+01
-1.819359961959235e+01
-2.1623097670366036e+01
-2.1827743775529076e+01
-2.3542506445100432e+01
-2.3030618817312433e+01
-2.380224832610698e+01
-2.1771203847918624e+01
-2.3284724909779577e+01
-2.219811834723753e+01
-2.089277830213159e+01
-1.7403809160467993e+01
-1.5197963731816593e+01
-1.199254435670439e+01
-9.7659745770031e+00
-7.784839616058427e+00
-7.2505240172963195e+00
-5.777040605260908e+00
-2.4330013035626763e+00
-4.335295994804829e+00
-5.530477221637664e+00
-6.22113937359402e+00
-7.110583345939663e+00
-6.117580282841849e+00
-5.6529382681543625e+00
-4.243345838573173e+00
-2.5217291320430193e+00
-1.2914041890173082e+00
-9.723944787830956e-01
-2.4236798010424465e+00
-4.186657322549883e+00
-6.441998511699477e+00
-8.375797365693273e+00
-1.0219916720087431e+01
-1.1264988112083241e+01
-1.1603854714221459e+01
-1.2983443703623555e+01
-1.3754222835227653e+01
-1.3938975972495331e+01
-1.3392559528499426e+01
-1.5974882129322447e+01
-1.6730751666159684e+01
-1.6424680167708992e+01
-1.3383852341901886e+01
-1.2407855595155576e+01
-9.494323551321305e+00
-7.329436866010677e+00
-5.529147070423674e+00
-5.056140622549965e+00
-3.9978386518351976e+00
-3.1588691913747966e+00
-5.3371999569207285e+00
-6.319220245802957e+00
-6.608560474232292e+00
-7.014956168478991e+00
-5.940212681812088e+00
-4.406712804387006e+00
-2.440313350884202e+00
-7.622036249736034e-01
1.0240510185420257e-01
6.951394721104612e-01
4.593211136537772e-01
-2.5348486405971216e-01
-1.0565222452354397e+00
-8.803376307456275e-01
-7.636592139694887e-01
-5.709470131809687e-01
-1.3766957554571586e+00
-2.312711492692107e+00
-4.43228036497412e+00
-5.901650939350341e+00
-7.329816229009004e+00
-8.767914264793513e+00
-1.065280817044703e+01
-1.0613040481438803e+01
-8.79697493480199e+00
-7.186250113443408e+00
-5.79829090568609e+00
-4.714696351684685e+00
-4.012726580583766e+00
-3.0662216925240333e+00
-2.2392589593508068e+00
-3.384603931152372e+00
-5.51843305834749e+00
-6.955659499227491e+00
-7.184815596273724e+00
-7.8361999658996275e+00
-6.822611969449435e+00
-5.1961847109581e+00
-2.39876492110283e+00
4.510456539471186e-02
1.1545390186470703e+00
1.6006478408167797e+00
1.6320333446160986e+00
2.139827526176468e+00
2.2049022098992315e+00
2.657521065475053e+00
3.197366957162935e+00
3.850962352947786e+00
3.013202336561257e+00
2.1816947272860565e+00
4.652534369430311e-01
-9.733393404961398e-01
-2.98943924559797e+00
-3.8738575563154485e+00
-5.20093455263742e+00
-5.186874255502373e+00
-4.585294970045317e+00
-4.07767615318649e+00
-3.724707228958068e+00
-4.017076351129232e+00
-3.983053398837406e+00
-3.6128831670131083e+00
-2.25687810971672e+00
-3.796490373326076e+00
-6.327843548061597e+00
-8.270075128025068e+00
-9.048097979395228e+00
-9.694785041601246e+00
-8.412807126286758e+00
-6.937465589142813e+00
-3.623684847598279e+00
-2.3083848811333796e-01
1.0749658758475402e+00
1.6852544338010875e+00
1.3033392533551236e+00
1.5319180563892199e+00
1.3125798945468834e+00
1.4656049917310887e+00
1.169128245661927e+00
1.2207255002047919e+00
8.023504466391175e-01
1.2919963640837353e+00
1.1664889563783485e+00
1.1371376019286175e+00
1.249074425561709e-01
-1.7185249018776053e-01
-5.530574246441138e-01
-7.919442967555277e-01
-1.6083567285360356e+00
-2.622542262655686e+00
-3.811122603807008e+00
-5.116317892609297e+00
-5.152910151530972e+00
-4.682541864059849e+00
-2.9014097211775014e+00
-4.000403936526474e+00
-6.698993267942557e+00
-8.978780434439154e+00
-1.0249427380243803e+01
-1.1481415843104289e+01
-9.742548443084537e+00
-8.319560315924322e+00
-4.456779263914921e+00
-1.2532358415824507e+00
2.7304816413765887e-01
1.5683727921031188e+00
6.446361186646485e-01
-7.819950495429654e-01
-2.52036130127577e+00
-4.111748179116273e+00
-4.101223829535142e+00
-4.819600216738084e+00
-3.6667421014215793e+00
-1.4789455618948975e+00
4.2059173637740954e-01
1.9373419619300747e+00
1.8339003663764863e+00
2.0611520183671472e+00
1.4115908190737123e+00
-2.9791838115829767e-02
-2.007110408016581e+00
-3.6507304410342725e+00
-4.455917336246997e+00
-5.20043155495515e+00
-4.893568305202256e+00
-4.98417345076634e+00
-3.3942305391336194e+00
-4.370567113339547e+00
-7.36362325627399e+00
-9.319802251123e+00
-1.1138677158053932e+01
-1.2730660931190537e+01
-1.1315272373753965e+01
-8.750728376762536e+00
-4.7100028604998325e+00
-1.8280724472556276e+00
-5.9748320415502806e-02
1.7063320152085875e+00
3.1626715814081835e-01
-2.9033970198482386e+00
-6.825694417251207e+00
-9.433421116283117e+00
-9.848592644419895e+00
-8.229560721911916e+00
-4.344531899245995e+00
-1.3831023316109325e+00
7.794165301564289e-01
2.411046060111529e+00
2.647122615073762e+00
2.126065195559539e+00
6.658760819944102e-01
-1.1629960447836596e+00
-3.1817497059066726e+00
-4.255791569216921e+00
-3.945587981565206e+00
-3.7959220151627378e+00
-3.8076235202230153e+00
-3.977606333021559e+00
-3.0685701539740187e+00
-4.24776027333931e+00
-7.1419852423634405e+00
-9.654875512706264e+00
-1.1463409445703363e+01
-1.388886849621746e+01
-1.2502646340464151e+01
-9.968707023115014e+00
-5.022818691244763e+00
-1.4153691314723884e+00
9.214042181296598e-01
2.013627592932458e+00
5.566097375656036e-01
-3.0196988388680714e+00
-7.257564418251307e+00
-1.0078371572019847e+01
-9.500384378456745e+00
-6.255809110408167e+00
-1.5520098348441866e+00
7.039050687837197e-01
1.5921400401890204e+00
2.4995841978889057e+00
1.9256458755687034e+00
1.0029958922560112e+00
-3.720849738668054e-01
-1.6695073285379318e+00
-2.929416689205742e+00
-3.315065839945883e+00
-2.5363412480473464e+00
-2.7060774418687e+00
-3.3635592420790514e+00
-3.536557297735579e+00
-2.3408659049770772e+00
-4.316057506265628e+00
-7.6379492962183875e+00
-1.073624799286549e+01
-1.3017788895553595e+01
-1.5125554723497e+01
-1.3363148189035583e+01
-1.127204821513918e+01
-6.127073977650956e+00
-1.059675548171666e+00
1.376396960649619e+00
2.406931443158452e+00
1.0107144335428193e+00
-1.5475808008635294e+00
-4.416901716184289e+00
-5.815504339576157e+00
-4.87753534440403e+00
-2.6704616093836733e+00
9.560707567831048e-01
2.707964221114552e+00
2.3905808523273446e+00
1.7068562881908826e+00
8.339136506575779e-01
5.9608071106991956e-02
-1.126801201259931e+00
-1.9622366657056853e+00
-2.284957720401459e+00
-2.469038248819656e+00
-2.391183262500832e+00
-3.5389979345137816e+00
-4.288925726032183e+00
-4.376884298857842e+00
-2.9771461754245627e+00
-3.887279231075297e+00
-7.340806587030848e+00
-1.067487710281406e+01
-1.3080104491132333e+01
-1.4822528352427032e+01
-1.2952698481094348e+01
-1.2234333177741046e+01
-7.909923529067146e+00
-3.0239186645904774e+00
5.303338072413258e-01
2.187970002459148e+00
1.975179808977217e+00
1.1592846447345653e+00
2.5897905418623322e-02
-1.915796154458513e-01
-8.682673469918454e-01
2.326802165609789e-01
2.1319809874036615e+00
3.394937527016051e+00
2.1721168561039845e+00
1.02786842197261e+00
2.1905556269628385e-01
-3.3838983078316576e-01
-1.2436707305407932e+00
-1.2959804862452355e+00
-1.3287980873327252e+00
-2.3257048377140648e+00
-3.32481606304977e+00
-4.77338755364886e+00
-4.888911605178634e+00
-5.281296007399081e+00
-3.6470314421619663e+00
-3.8113146390010093e+00
-7.154319080738163e+00
-9.650581006303739e+00
-1.1945748693829465e+01
-1.3646521659276203e+01
-1.2967303442169033e+01
-1.2586980101322489e+01
-9.712496676828287e+00
-5.496373064180843e+00
-2.1840485429259813e+00
6.898354089953831e-01
1.5286502207522137e+00
2.069045868354186e+00
3.031694710391189e+00
3.9203808508818527e+00
3.421275980889528e+00
3.1371142004623183e+00
2.926743359990807e+00
2.9575605338851747e+00
2.035089282883007e+00
9.981317613329692e-01
1.4730428362034031e-01
-3.448438412331799e-01
-1.041251958615097e+00
-8.28293854082068e-01
-1.5562104164422739e+00
-3.2571040776420754e+00
-4.779939717530207e+00
-5.945964077676612e+00
-5.574951062652826e+00
-4.972919079954982e+00
-3.6457806282323e+00
-3.48303808757552e+00
-6.256695893103752e+00
-8.642963701399081e+00
-1.0590263152591946e+01
-1.2879488144174516e+01
-1.3712177396694814e+01
-1.4934966854979498e+01
-1.2048219726343655e+01
-8.992570028043168e+00
-5.550602424532678e+00
-3.2532393677893388e+00
-1.677348743831318e+00
-1.4912295123470311e-02
2.164217874785567e+00
4.095588258362555e+00
4.602840999268198e+00
4.155614527762082e+00
3.2146087408029342e+00
3.0650579813594536e+00
2.4384944955978285e+00
1.6936223858058832e+00
8.221750656806945e-01
1.2072649202615339e-01
-7.671377812759518e-01
-1.1805993781283193e+00
-2.2622725120009664e+00
-4.350070519168215e+00
-5.654506825213839e+00
-7.270864573642517e+00
-6.478935987778094e+00
-5.286692793129737e+00
-4.032215348494801e+00
-3.960187090176227e+00
-6.839429926362997e+00
-9.009540161151943e+00
-1.11601926156391e+01
-1.3895692594208048e+01
-1.5043893232915707e+01
-1.7507667872967758e+01
-1.606526428560576e+01
-1.3253638500881754e+01
-9.878913366579358e+00
-7.1788221301085535e+00
-5.207693999045992e+00
-3.268878987041807e+00
-1.0929098660284802e+00
1.3675587706508725e+00
2.555820599972496e+00
2.675640280914002e+00
2.02367627066487e+00
2.2493773286052794e+00
2.4328446767156997e+00
2.2788747052569356e+00
1.3033524024818424e+00
5.633072493622558e-01
-8.521990296431264e-01
-2.073926721671867e+00
-4.031003197011741e+00
-6.5223064449076125e+00
-7.857433666686991e+00
-8.963973759188852e+00
-8.011199606561966e+00
-7.723171633058266e+00
-6.19172889426821e+00
-3.8126963507693143e+00
-6.934741023728572e+00
-9.44989671246634e+00
-1.2174670355698279e+01
-1.5475998302952389e+01
-1.602459033532628e+01
-1.9451480083010644e+01
-1.8518471192260506e+01
-1.757047763247179e+01
-1.2722943201794909e+01
-9.25009526015587e+00
-6.4305328855221076e+00
-5.8588301185320715e+00
-4.687105169948748e+00
-3.0897890933238994e+00
-1.7733604194918007e+00
-1.6850177820693248e+00
-1.5498410537492886e+00
-6.719017404346531e-01
9.045837390849503e-01
1.6337614918414205e+00
1.2281264046190892e+00
1.0436917113928526e+00
-3.9195883364701034e-01
-2.537822048064316e+00
-5.75890517097213e+00
-8.688056827081047e+00
-9.241000318727272e+00
-1.022113877254941e+01
-9.24247052013704e+00
-9.837697015542428e+00
-7.555412107424177e+00
-3.658619002983165e+00
-7.347832756988853e+00
-9.83349779935186e+00
-1.3059125027514213e+01
-1.625934888423423e+01
-1.751075408840529e+01
-2.065804699112144e+01
-2.1289948036777698e+01
-1.9482297763694977e+01
-1.398173688042739e+01
-8.43821656339017e+00
-5.550000919998582e+00
-4.739626944606319e+00
-4.970034271970988e+00
-5.126075805424375e+00
-5.45317721865965e+00
-5.976087163658329e+00
-5.449437219807917e+00
-3.7216395211931386e+00
-1.3347216022493433e+00
5.037914368062016e-01
1.447319602282643e+00
1.8300050054809334e+00
3.094734655969098e-01
-2.9759161845720965e+00
-6.8100474735479795e+00
-9.765547680374013e+00
-1.0366250505749527e+01
-1.115674430724769e+01
-1.0522766060168495e+01
-9.962089719282773e+00
-7.7775602003195345e+00
-2.9277305722563227e+00
-6.275923904156644e+00
-9.411867049260659e+00
-1.2520726859334316e+01
-1.6397795191839577e+01
-1.868189761653573e+01
-2.1903271846252107e+01
-2.042992371039799e+01
-1.8220266008129677e+01
-1.2211014127977469e+01
-7.339696980826525e+00
-3.4657225493594486e+00
-1.9305339186168837e+00
-2.5281508868081355e+00
-4.191667774875201e+00
-5.810587295903854e+00
-7.8020906137878345e+00
-7.233832823298136e+00
-5.11388007234237e+00
-2.1529088386978357e+00
3.219745455659681e-01
1.6414413481894732e+00
2.2422981290328505e+00
5.567998257546153e-01
-2.5905494592981815e+00
-6.2171232986152125e+00
-9.603848024379893e+00
-1.0467410341831641e+01
-1.181401266924748e+01
-1.099609753060442e+01
-1.0181890790948811e+01
-7.187652209852823e+00
-2.75419397020665e+00
-5.788216794671793e+00
-8.683838902547539e+00
-1.1960774955468766e+01
-1.5676675391021362e+01
-1.7160109625579878e+01
-2.0179085787672943e+01
-1.854320205933741e+01
-1.5618451311660671e+01
-1.0084398007130355e+01
-5.171285407300994e+00
-1.343607545778549e+00
7.893700014890055e-01
-4.749482584279295e-02
-2.2874322032601797e+00
-3.882084055623152e+00
-5.41017138227074e+00
-4.321996948266914e+00
-3.0019251044952044e+00
-7.504038825852964e-01
1.394744655791075e+00
2.171590465872465e+00
2.194974938484944e+00
1.4010658095099188e-01
-2.1965744361094175e+00
-5.247566536835031e+00
-8.683529856590656e+00
-1.0349769957804078e+01
-1.1834324989308247e+01
-1.0721954275362586e+01
-1.0108470443186867e+01
-7.532356231781992e+00
-2.2110725963388216e+00
-4.846791642203328e+00
-7.184028592155896e+00
-1.019733767025276e+01
-1.2671122768064407e+01
-1.3251686726316537e+01
-1.6101955989381054e+01
-1.5930337055952728e+01
-1.415634881422286e+01
-8.957286901649214e+00
-4.321951068903553e+00
-2.9341016346961724e-01
2.0930831006535247e+00
1.18808972041098e+00
-2.757538995469196e-01
-1.2607540955572634e+00
-1.4909433789065518e+00
-6.083085936659566e-01
-2.5531237749812447e-01
9.324856254372496e-01
2.3535732132781044e+00
2.506024357750605e+00
2.2048433254176265e+00
-1.5308206624938448e-02
-1.8968250859357094e+00
-4.53523887038747e+00
-7.733688459406337e+00
-9.39146805783052e+00
-1.0863335832356e+01
-9.689573852748815e+00
-9.672257017954406e+00
-7.221514209956562e+00
-1.977701171966577e+00
-4.246725404217989e+00
-5.7189765456980455e+00
-7.700162328660278e+00
-9.489184850912249e+00
-1.0098866739520616e+01
-1.2149454927677692e+01
-1.3109603467385751e+01
-1.195715508577078e+01
-8.22664230236989e+00
-3.3953889446242673e+00
6.655645831134616e-02
1.8403037600918348e+00
1.4631305965180914e+00
1.0550985441372398e+00
1.1127148784001772e+00
1.3882577181462485e+00
1.6056639384245748e+00
2.069791733231846e+00
2.6996172359933435e+00
2.966864027900796e+00
2.3227791943229024e+00
1.479542243756979e+00
-2.339224000465813e-01
-2.1353028690244416e+00
-4.872618826143131e+00
-6.937171039784205e+00
-8.447551416781362e+00
-9.729028192080486e+00
-9.110099573038012e+00
-8.109339352955788e+00
-5.924112913383782e+00
-1.706727141847991e+00
-3.363602656193106e+00
-4.653737823933556e+00
-5.880178947968299e+00
-7.525873893956091e+00
-8.59240140559374e+00
-1.0488158436023765e+01
-9.93405677337549e+00
-9.239748507741078e+00
-6.330985729824891e+00
-3.2412647886047137e+00
-6.834795985701786e-01
1.1178498270149022e+00
1.5201750191931038e+00
2.0225600359000824e+00
2.5773215757145684e+00
3.164533023905561e+00
3.2541131941338266e+00
3.196654596246914e+00
2.99884807843896e+00
2.53240387734906e+00
1.517312400839706e+00
2.4447972419751826e-01
-1.1697636635304576e+00
-2.9216302937682013e+00
-4.799142177472076e+00
-6.93364607662476e+00
-8.321064718651504e+00
-1.0689536193093536e+01
-1.0013886341902444e+01
-8.42316701236305e+00
-5.514832689243047e+00
-2.1541172702338636e+00
-3.8194102076421674e+00
-5.09374315098065e+00
-6.079802780404782e+00
-7.563704076318991e+00
-8.207066010767987e+00
-9.353443909947249e+00
-8.139758686901011e+00
-6.61305879195714e+00
-4.573255359196194e+00
-2.939520890818352e+00
-9.75349916371073e-01
7.605394556843753e-01
1.317687519595635e+00
2.2316612279547705e+00
2.918709028756843e+00
3.1739183802340474e+00
2.472473676390622e+00
1.9002408329743756e+00
9.444243284586193e-01
3.190583148974257e-01
-7.292195777068557e-01
-1.5196133440667126e+00
-2.795096364342909e+00
-4.0420568835001625e+00
-5.761642021570249e+00
-7.8948626594796645e+00
-9.37256652822779e+00
-1.1588362328992385e+01
-1.0456464820211346e+01
-8.865294450840368e+00
-5.834782101387083e+00
-2.5103503346829816e+00
-4.388915099110161e+00
-5.860956863944659e+00
-6.5245548936997935e+00
-7.399083693803302e+00
-7.208443924424386e+00
-7.59428919608658e+00
-6.8031195106090445e+00
-5.7797534607131285e+00
-4.680180793491433e+00
-3.8894312167076537e+00
-2.653953786472166e+00
-2.468141649100829e+00
-2.6175740706618154e+00
-3.0739363302863683e+00
-2.7761337970251367e+00
-3.687480790314662e+00
-3.7375140912779643e+00
-4.468876038729231e+00
-4.0473724167395915e+00
-4.477704070758284e+00
-4.4049826037259185e+00
-4.455710078754288e+00
-4.173850256755497e+00
-5.046279602747453e+00
-6.767780137193532e+00
-9.062646714592109e+00
-9.705155687576267e+00
-1.101292367239306e+01
-9.572751228801542e+00
-8.390472317971442e+00
-5.295789943867634e+00
-2.9507187975553135e+00
-4.939828912666276e+00
-5.812846509649724e+00
-5.928776989446355e+00
-6.058288259640791e+00
-5.583012323227712e+00
-5.380220644373034e+00
-5.503525214435967e+00
-5.870497319185072e+00
-6.0868811380135455e+00
-5.657564109660751e+00
-6.163266955519031e+00
-7.453734939170091e+00
-9.303313068939099e+00
-1.0513456398560466e+01
-1.1702698216268466e+01
-1.2718848638039704e+01
-1.228990788091426e+01
-1.0756088233518048e+01
-9.16204073084807e+00
-8.282522506761643e+00
-7.651955021508642e+00
-6.572797551494312e+00
-5.416505967473126e+00
-5.538488829090794e+00
-7.0854113761477615e+00
-8.525494311798719e+00
-8.512014796667858e+00
-8.668481432773797e+00
-7.76732372422273e+00
-6.057371029172091e+00
-4.000379206916837e+00
-2.52606307643151e+00
-3.977837201630549e+00
-4.603893351128605e+00
-4.523086646655926e+00
-4.774136609759131e+00
-4.5898929582282975e+00
-4.516229397199648e+00
-4.307964988387993e+00
-5.467447525769405e+00
-6.081018197161969e+00
-6.672900572802221e+00
-7.562658798960862e+00
-1.0010169373125075e+01
-1.1813063744477612e+01
-1.3723847137581396e+01
-1.3938814225139947e+01
-1.5805817134755044e+01
-1.448147285450073e+01
-1.2586993667801298e+01
-9.967819716401108e+00
-1.0114949258443767e+01
-9.336070392170884e+00
-7.875960745910839e+00
-6.06582662432313e+00
-5.87822201039994e+00
-6.400743007366493e+00
-6.913742613745363e+00
-6.0289468137023245e+00
-6.1311694398388505e+00
-5.449391777180054e+00
-4.323664151441193e+00
-2.7241631868757836e+00
-1.64384536094362e+00
-2.5292034771220613e+00
-3.0791495022774074e+00
-3.320899475459774e+00
-3.7165924030807633e+00
-3.5665842117065694e+00
-3.6617470410163695e+00
-3.7387727491520417e+00
-4.209289582203924e+00
-4.785095695610649e+00
-6.377415425867911e+00
-7.479253916260703e+00
-9.71485179774391e+00
-1.0783802485693707e+01
-1.2222102173245338e+01
-1.2081583001123951e+01
-1.2708418239140846e+01
-1.0827555508884503e+01
-1.0423136662947122e+01
-9.170899212229182e+00
-9.014158189874879e+00
-7.820557573654383e+00
-7.303333283753249e+00
-6.317350379380943e+00
-5.444667151693221e+00
-4.66811148874856e+00
-4.12454638627656e+00
-3.3297745740732676e+00
-3.353056662635963e+00
-3.095484726970645e+00
-2.7832870681422373e+00
-1.8083186373769675e+00
-6.193656732575866e-01
-1.2684108032866488e+00
-1.6894013929634735e+00
-2.0228213156509565e+00
-2.1550979475737964e+00
-1.9663971489355747e+00
-2.081434315002775e+00
-2.2247505548194315e+00
-2.0658455342778903e+00
-2.702010082254497e+00
-4.024989803793207e+00
-4.88008089084983e+00
-5.895944549464257e+00
-6.433556783657561e+00
-7.185304487662947e+00
-6.8190301355754e+00
-6.232899782108214e+00
-5.354322941151301e+00
-5.982297765632693e+00
-5.520369168316396e+00
-5.325552328218284e+00
-4.393259060943205e+00
-4.774901547609579e+00
-4.20237905744365e+00
-3.5171016773129913e+00
-2.465773563134955e+00
-1.821432365763504e+00
-1.500861621658405e+00
-1.5614202332310525e+00
-1.5106686627008676e+00
-1.498932845257768e+00
-9.434862523331693e-01
