-7.241389618913728e-01
-1.4142310425029707e+00
-1.6052475923695853e+00
-2.161528962181817e+00
-2.617100914563969e+00
-2.6762747329805903e+00
-2.4309503557622243e+00
-1.8697637830625942e+00
-1.9217590428320617e+00
-2.188315149811887e+00
-2.146840299860152e+00
-2.360124138910485e+00
-2.8364584540901223e+00
-2.6744164165822655e+00
-2.5788550200688514e+00
-2.648222454263698e+00
-3.0201962039240886e+00
-2.3938695278367805e+00
-1.5436350309661695e+00
-1.1935261223830667e+00
-2.013209130693543e+00
-2.1375799041972763e+00
-1.8399784554552352e+00
-1.8172007257620637e+00
-2.392604141237719e+00
-2.537240663367661e+00
-2.356815433147914e+00
-2.380509533903824e+00
-2.629560961175253e+00
-2.568764598231614e+00
-2.420187238010453e+00
-1.8331604014439724e+00
-1.333024572153349e+00
-2.2451709588207516e+00
-2.598457011597861e+00
-3.3134685232061645e+00
-4.502956197738839e+00
-4.75030713378635e+00
-4.608907974795059e+00
-3.8774306933425167e+00
-4.481541122939487e+00
-4.994612643659347e+00
-5.508151124265374e+00
-5.471057210631411e+00
-6.209636095506302e+00
-5.899741303175657e+00
-6.360998214007657e+00
-5.5879212397958975e+00
-5.489251693894768e+00
-4.419905067093775e+00
-3.8503878959271383e+00
-3.86126946863001e+00
-5.011088460256559e+00
-4.662473393687751e+00
-3.9561993748230018e+00
-3.5307867307722423e+00
-3.868728358660469e+00
-4.075852073651998e+00
-3.762745029566129e+00
-3.594381485712401e+00
-4.352572141748238e+00
-4.321874699076429e+00
-3.7870739690606947e+00
-2.7231186994118683e+00
-2.162928802859101e+00
-3.597045964850645e+00
-4.6242382886478905e+00
-5.705566489623041e+00
-7.27927301453956e+00
-7.983425051726305e+00
-8.641602311938728e+00
-8.479931010725418e+00
-8.900053632129401e+00
-9.923940808783128e+00
-1.1125091946536443e+01
-1.125745427800581e+01
-1.1870432958919054e+01
-1.225630385340736e+01
-1.3169821094556196e+01
-1.2169730440232232e+01
-1.0516704030693678e+01
-9.764571482307582e+00
-1.0352700328049618e+01
-1.0938037329582885e+01
-1.1223621082291832e+01
-1.0148763458583506e+01
-8.970248576853654e+00
-7.451608987991894e+00
-6.785472842898459e+00
-6.158564385446995e+00
-5.485462506522551e+00
-5.223222355189663e+00
-5.98885371844145e+00
-5.751844680593715e+00
-5.46224959029633e+00
-4.223587863997948e+00
-2.779288071691413e+00
-4.477754933350482e+00
-5.927000453790609e+00
-6.950023300357103e+00
-8.813590718734654e+00
-9.388978178072977e+00
-1.0935121582519738e+01
-1.1130333729463157e+01
-1.2189637172056262e+01
-1.3020000700974881e+01
-1.5261668782127376e+01
-1.549379777222594e+01
-1.7431547871707657e+01
-1.8071089661963192e+01
-2.0617749970629603e+01
-1.8883633232705847e+01
-1.8068969867603837e+01
-1.6470723985249915e+01
-1.835496491739766e+01
-1.85501253653808e+01
-1.945333384845146e+01
-1.6980618018435795e+01
-1.6053283653769565e+01
-1.2181928618848143e+01
-1.0610042950334613e+01
-8.183924342866412e+00
-7.275681367837584e+00
-6.216837407491942e+00
-6.770135844117079e+00
-6.192520475930584e+00
-6.322899901434772e+00
-5.106656633842938e+00
-3.123647521001556e+00
-5.170536648741195e+00
-6.299386629351265e+00
-7.279850715113798e+00
-8.869963034156134e+00
-1.0059609216529536e+01
-1.1427456370964162e+01
-1.2543751291536772e+01
-1.3896574181338456e+01
-1.5482283813315954e+01
-1.643131011545264e+01
-1.8311913240324337e+01
-2.0587933810339628e+01
-2.285948175837373e+01
-2.4518576425322053e+01
-2.435306520831379e+01
-2.4059430581895754e+01
-2.4036781319929297e+01
-2.4563654073664125e+01
-2.514529274917062e+01
-2.5512295952991426e+01
-2.3936903007823517e+01
-2.1325205876164674e+01
-1.7494921238342332e+01
-1.43567070907558e+01
-1.1472873720364191e+01
-8.879917268122298e+00
-7.089958852798121e+00
-6.846158983735384e+00
-6.5640735677623745e+00
-6.073406276408206e+00
-4.776910654063498e+00
-3.107340489024515e+00
-4.961531243964673e+00
-6.352468368672423e+00
-6.984877617533427e+00
-8.53647753381364e+00
-9.348513111874707e+00
-1.1042336024810082e+01
-1.21383305790084e+01
-1.4464045505465839e+01
-1.5033801486745656e+01
-1.6014677442495827e+01
-1.7071639625124487e+01
-2.067754003236397e+01
-2.2333301608669e+01
-2.4298083874752095e+01
-2.480637886985302e+01
-2.6655971522389137e+01
-2.6366136928830244e+01
-2.69864656609455e+01
-2.567195516232787e+01
-2.68712115121277e+01
-2.4903819698829086e+01
-2.397693976138339e+01
-2.062154748290269e+01
-1.864475813731649e+01
-1.5422946238913571e+01
-1.2843661961268142e+01
-9.36134595285857e+00
-8.38046624464593e+00
-6.927522807728258e+00
-6.040702656551457e+00
-4.197747452350759e+00
-3.139020881441542e+00
-5.446231880127654e+00
-7.160055708135782e+00
-7.666493378402251e+00
-8.486292628155212e+00
-8.497633389427136e+00
-1.0283652890637864e+01
-1.18337578272934e+01
-1.3702500328758191e+01
-1.3356298139427718e+01
-1.4275027573138269e+01
-1.5010942802201413e+01
-1.688680040910749e+01
-1.7089164951615466e+01
-1.9784093308050412e+01
-2.1712949757769774e+01
-2.4585732634330196e+01
-2.400646112018593e+01
-2.4628632883742092e+01
-2.3283748042827167e+01
-2.3511964859950805e+01
-2.1847916799841546e+01
-2.3709902353095426e+01
-2.3000071069595162e+01
-2.2453245371337314e+01
-1.9610410548306326e+01
-1.7825242736287016e+01
-1.3612731813464954e+01
-1.0444284332895522e+01
-7.509098227130242e+00
-5.476486122530169e+00
-3.5118572674911492e+00
-3.0516366203854504e+00
-5.358081168728412e+00
-6.860214320469924e+00
-7.189375056154226e+00
-7.667448383001984e+00
-6.813158331909616e+00
-7.282603591499006e+00
-8.726171600193448e+00
-9.934457679154555e+00
-9.614928382900306e+00
-1.0126828680191204e+01
-9.64126169247482e+00
-9.957518161840467e+00
-9.80385872579071e+00
-1.178237155877601e+01
-1.404823378590567e+01
-1.5644600121756612e+01
-1.549043700329375e+01
-1.5978379563659235e+01
-1.5961229313874165e+01
-1.6484160163864342e+01
-1.6856857778228594e+01
-2.0579128928948755e+01
-2.1722865074211686e+01
-2.2941011544319387e+01
-2.0415204931486073e+01
-2.0791259986041748e+01
-1.617832663168939e+01
-1.2500425726591383e+01
-7.929815393086363e+00
-5.134122953258812e+00
-2.80489946449555e+00
-3.181129291887594e+00
-5.313182402841307e+00
-6.483646361460908e+00
-6.471470081287976e+00
-6.042685155564963e+00
-4.769598885529421e+00
-3.58629431957761e+00
-3.6722308745988776e+00
-4.364826975615687e+00
-4.8678005994724325e+00
-4.63433976067644e+00
-4.13260345545501e+00
-4.103049731419584e+00
-4.026600683910663e+00
-3.999171417935452e+00
-4.715902950963843e+00
-5.30162804025029e+00
-5.773902759250628e+00
-5.779910828133676e+00
-7.603931500496809e+00
-1.0563351705327175e+01
-1.3939016958746686e+01
-1.7397643644929758e+01
-2.0826858483674414e+01
-2.220383587762223e+01
-2.0444731304476175e+01
-1.974827849510806e+01
-1.7040283824711683e+01
-1.341434085135149e+01
-9.186219549316323e+00
-4.6725992454316545e+00
-1.9521048112373556e+00
-2.9959745876565993e+00
-5.183045422216868e+00
-6.760827294733486e+00
-6.2104934098747435e+00
-5.391976222145739e+00
-3.2798186315964877e+00
-1.4620225163552618e+00
2.2590404688291427e-01
1.036187861690191e+00
2.078191375892248e-01
2.878439803226423e-01
2.8136232624920876e-01
1.0015864679828903e+00
1.1916193780161675e+00
1.8351336947014718e+00
2.067705256074571e+00
2.592938289934943e+00
1.540161077436663e+00
1.0879456511096701e+00
-1.6338862117404802e+00
-4.875244902889505e+00
-9.932572168925137e+00
-1.5038786685742235e+01
-1.8350985379235187e+01
-2.0528761167098136e+01
-1.9063743505909372e+01
-1.8829949739266453e+01
-1.6101232246010337e+01
-1.4432768155135864e+01
-1.0678844764511574e+01
-6.138060692569702e+00
-2.472827306867936e+00
-3.2053638498649906e+00
-5.6212219729224895e+00
-7.644425019587137e+00
-7.385750892296388e+00
-6.279623688515549e+00
-3.637087457205762e+00
-1.0601438098750322e+00
1.754280795335455e+00
3.563028434341834e+00
2.859591722144656e+00
2.7549985054250477e+00
2.524436582725493e+00
3.207620281163347e+00
2.9998698686056002e+00
3.6348856910182796e+00
3.9372443394643004e+00
4.103016110071801e+00
3.117520753230657e+00
3.0911309077691764e+00
1.2263984472616236e+00
-1.0643635184977063e+00
-6.794005407919857e+00
-1.1194819430103665e+01
-1.5368054409909913e+01
-1.8650585085178548e+01
-1.700960480914447e+01
-1.750896479911404e+01
-1.6384619038406232e+01
-1.4861517186912463e+01
-1.0860937968915918e+01
-6.8225276693444e+00
-3.336224063883707e+00
-3.1758287956959195e+00
-5.653987933569063e+00
-7.67467422552666e+00
-8.19070306848118e+00
-7.614115895002474e+00
-4.470463370257037e+00
-1.732450986929754e+00
1.4088258305776549e+00
2.671550660257037e+00
1.9544437068822296e+00
1.8998065050706971e+00
2.0022135064881867e+00
1.8985818761328959e+00
1.0277078182494506e+00
5.009622530761725e-01
5.0082650049946e-01
-4.365407938023558e-01
-6.396207098519712e-01
1.0115322262065018e+00
1.8173284231278735e+00
4.6726189784680355e-01
-4.544226125832708e+00
-8.363021770133622e+00
-1.2937457022216721e+01
-1.620293884452657e+01
-1.5691547315026746e+01
-1.7093776115950032e+01
-1.479261711982203e+01
-1.2991990450422117e+01
-9.132809792450962e+00
-6.743372947446487e+00
-3.790984572382234e+00
-3.205716514376689e+00
-5.66577016833545e+00
-6.88932606643925e+00
-7.689992286037809e+00
-7.710831650646386e+00
-5.485348124533745e+00
-3.0269265778488283e+00
-2.382708453548568e-01
2.3286008464601943e-01
-3.736239333316729e-01
5.917720078808864e-02
-3.097136840241912e-01
-1.8587672313305144e+00
-3.520607190248597e+00
-4.666627983447112e+00
-5.505329684777175e+00
-5.745549421145743e+00
-3.6097796109637676e+00
-4.1032091111815855e-01
2.062122912455037e+00
7.184850761578886e-01
-3.4512244819962516e+00
-7.184238466900641e+00
-1.1587566419960476e+01
-1.4623341549714349e+01
-1.4612451652705268e+01
-1.4262358612760652e+01
-1.1151414024725263e+01
-8.666436568072692e+00
-6.826959609986801e+00
-5.119256816765102e+00
-3.2639161471468086e+00
-2.624498946668373e+00
-4.748733225423458e+00
-5.7874972496835655e+00
-6.6974089048578636e+00
-7.932754050906211e+00
-7.205106023931223e+00
-6.201438106161691e+00
-3.8040329845863314e+00
-3.0046664874933247e+00
-1.9559199777397893e+00
-1.5173483203756222e+00
-2.212728791914002e+00
-4.804719590130686e+00
-6.456999684793295e+00
-8.06246266781159e+00
-7.962455749273057e+00
-7.0761320085378285e+00
-3.318943432525601e+00
4.010531907490072e-01
2.2798071862213467e+00
1.3883964050146358e+00
-2.719882774991197e+00
-6.492324616488886e+00
-9.926430182518192e+00
-1.1850529803805557e+01
-1.1949928450364457e+01
-1.1504865048882202e+01
-8.009120056027145e+00
-6.163887441412545e+00
-5.2943538629894284e+00
-4.122690007936364e+00
-2.253198240604282e+00
-2.2672282785380418e+00
-3.813895540125889e+00
-4.964609159448567e+00
-6.592631590396855e+00
-8.377971522272484e+00
-8.93751742286221e+00
-9.420613792144406e+00
-8.167019514089363e+00
-6.114085473763275e+00
-3.944830338025332e+00
-3.001836800077555e+00
-3.4043744776496996e+00
-5.212551857001455e+00
-6.9690369239837e+00
-8.710638981690112e+00
-7.90971228904236e+00
-5.494522340460469e+00
-1.2057846696996128e+00
2.6237658725346744e+00
2.7678239019417514e+00
5.265256650446982e-01
-3.5486986507788365e+00
-5.916443987295074e+00
-8.194390445615003e+00
-9.490177403746609e+00
-9.040602762286865e+00
-9.259882821517415e+00
-7.244438879982272e+00
-6.553404356703136e+00
-5.396341073984047e+00
-3.7115658597239802e+00
-1.8915826959502104e+00
-1.7676088074636993e+00
-3.407482664460355e+00
-4.932334388540087e+00
-6.814222499223999e+00
-8.379046608859909e+00
-9.208358016813664e+00
-1.1026674810833242e+01
-1.0707205383132147e+01
-8.99360113399969e+00
-5.979939992164902e+00
-5.713537515658317e+00
-5.037671324461592e+00
-5.570933925560382e+00
-5.944129920414363e+00
-7.15992287843644e+00
-6.6530339274646e+00
-4.405142179583601e+00
5.540491317823509e-01
4.310469234408177e+00
3.1568347919900845e+00
1.7536376950313926e-01
-3.4359901710523912e+00
-5.216979540864869e+00
-6.500192539612351e+00
-6.760566923177081e+00
-6.6722120310313615e+00
-8.248884507327174e+00
-8.037380140913587e+00
-8.13580895739446e+00
-5.530399821538003e+00
-3.1441019821735394e+00
-1.2366246761434716e+00
-1.792064409364406e+00
-3.772878002331743e+00
-5.293986553633676e+00
-7.2024567409768165e+00
-8.939615164285692e+00
-1.0539506033817974e+01
-1.2745245873936828e+01
-1.3288678796665291e+01
-1.2549099337409494e+01
-1.017531636168668e+01
-8.969193143168807e+00
-7.948942547771446e+00
-7.512179961589864e+00
-6.582479134510227e+00
-5.569414901391986e+00
-4.320883451079262e+00
-2.173540789265565e+00
1.3589239740533585e+00
4.11558325534569e+00
2.7456446403079364e+00
-4.248610042101974e-01
-3.856470386193178e+00
-5.169137525490029e+00
-5.760409624673931e+00
-5.39594584297679e+00
-5.84916951785824e+00
-7.954061941859364e+00
-9.132256585992451e+00
-8.728092563488396e+00
-5.733505548143825e+00
-2.160172650294232e+00
-3.4609278587651265e-01
-1.6186650059207868e+00
-3.1471474169909666e+00
-4.621241504873069e+00
-6.16912680391238e+00
-8.502850661551157e+00
-1.1209075402107233e+01
-1.5336946216645647e+01
-1.5922241377121043e+01
-1.614238268241576e+01
-1.3479442859159237e+01
-1.2652373331755477e+01
-1.0504060589248272e+01
-9.543122960712259e+00
-7.166508846481353e+00
-4.4862085826289375e+00
-1.6443590296305364e+00
3.8981246226095123e-01
2.1974891781058603e+00
3.4287632601863645e+00
1.816716713019535e+00
-8.295349936577858e-01
-3.834542743140002e+00
-5.67088655370922e+00
-6.796373892084652e+00
-7.592235967589451e+00
-7.599251878166939e+00
-8.524260254744082e+00
-7.9742001982749455e+00
-7.162466789372631e+00
-4.661615049688614e+00
-1.8911946002568372e+00
-2.5649088510266016e-01
-1.9216845505611124e+00
-3.6516479518418024e+00
-4.934564535483576e+00
-6.656276215727848e+00
-9.611087942701973e+00
-1.343752218809999e+01
-1.80673013509606e+01
-1.852539272155615e+01
-1.7936292970557925e+01
-1.4886580838187356e+01
-1.3974597725813231e+01
-1.1376527607270415e+01
-8.573747468484033e+00
-5.331219276421873e+00
-2.4524238584480056e+00
-7.791241891180704e-02
2.2395504785047757e+00
2.6388688690395306e+00
2.4581927722949914e+00
4.561994149656913e-01
-1.7913836416484594e+00
-4.8591589056473525e+00
-7.183292087990856e+00
-9.16532357562566e+00
-1.1126033161414474e+01
-1.0324731637131292e+01
-9.910591507109256e+00
-7.953041211297571e+00
-6.357522894924276e+00
-4.449618039420371e+00
-2.354972143565751e+00
-5.53555931230876e-01
-2.0003169456196135e+00
-4.2258615520749645e+00
-5.926867029959019e+00
-7.854700053587992e+00
-1.1113450342482258e+01
-1.3731860549883626e+01
-1.7512891970251644e+01
-1.807786352792722e+01
-1.8022645841519832e+01
-1.4212309334195208e+01
-1.2941943836977453e+01
-9.759143566932492e+00
-6.719923499206591e+00
-3.590744267175424e+00
-1.2719245739926592e+00
5.662719054429389e-01
2.893883964763552e+00
2.5709406782804924e+00
2.1473999766882943e+00
2.767085040660664e-01
-1.7561635129668636e+00
-5.11179325521195e+00
-8.299652130507992e+00
-1.0195777822906171e+01
-1.1923103375007175e+01
-1.0768984393555588e+01
-1.0767497170239052e+01
-8.686316808183312e+00
-7.371417107921179e+00
-5.133384644311042e+00
-3.4884334919406492e+00
-1.4083404933858212e+00
-2.260122917862793e+00
-4.944421566261158e+00
-6.796323005448266e+00
-9.333674924220839e+00
-1.1922287616311236e+01
-1.3492745663094565e+01
-1.6073913431501698e+01
-1.787564462518132e+01
-1.7929915437856927e+01
-1.4082520130588946e+01
-1.0712236454362952e+01
-7.4147937038318315e+00
-4.739328821695438e+00
-2.6893177152223493e+00
-2.912535189171608e-01
1.7190287128982196e+00
2.9575851273683735e+00
2.5274341082875766e+00
2.4386520196910495e+00
1.2286957344408704e+00
-1.0090591311395123e+00
-4.812073467482169e+00
-7.487152081143498e+00
-9.590191348107048e+00
-1.0715713998029942e+01
-9.626036873780977e+00
-9.650752656868494e+00
-8.72391117029466e+00
-7.903979985662861e+00
-6.677457930048385e+00
-4.4454606639038445e+00
-2.4639338384185883e+00
-2.0661540458186742e+00
-4.47777589504961e+00
-6.852071526668751e+00
-9.500925233662405e+00
-1.1896210559924453e+01
-1.3302328934911296e+01
-1.663234494213403e+01
-1.739374750534733e+01
-1.747370510254685e+01
-1.3604063088344766e+01
-1.0606703891593215e+01
-6.8715898948729714e+00
-4.336014283515401e+00
-2.399688919137853e+00
-2.663000379782561e-01
1.701126901311796e+00
2.9549713955297006e+00
2.697050978152379e+00
3.0623358318312333e+00
2.8326689421317064e+00
1.2335740075498212e+00
-2.3106409080232333e+00
-4.711045666326403e+00
-6.771083160303704e+00
-7.575827327340341e+00
-7.0923350820405355e+00
-8.210335020548772e+00
-8.142065135872121e+00
-9.123382728955882e+00
-8.209534337362514e+00
-6.200252088088335e+00
-3.7932831103329723e+00
-2.2622229700653396e+00
-4.548585567373659e+00
-6.524235570330247e+00
-8.80343018572177e+00
-1.105207485151106e+01
-1.2753578043821395e+01
-1.6244267561383023e+01
-1.7007967388224284e+01
-1.6524257668131675e+01
-1.3001617733723476e+01
-1.0906360128569652e+01
-7.631779521863567e+00
-4.348471160841724e+00
-2.3336092020708605e+00
1.9605741210373157e-01
1.9369781730665891e+00
2.5785684528682773e+00
2.477471823607248e+00
2.9970291572962995e+00
3.5630992670309745e+00
2.956950876148678e+00
5.059026251371519e-01
-1.388976795817275e+00
-2.869278336145229e+00
-3.562651087398211e+00
-3.878548030120257e+00
-6.136095792913314e+00
-8.034336044332731e+00
-9.779305863515784e+00
-8.543283571716243e+00
-6.779805838616775e+00
-4.6276839100605e+00
-2.428551599742223e+00
-4.483353789690596e+00
-5.72751707925141e+00
-7.144316734107817e+00
-9.124277019335652e+00
-1.046739462115336e+01
-1.3809092232883557e+01
-1.5203594921355696e+01
-1.5553358987877022e+01
-1.2547266654516529e+01
-1.0731436617569862e+01
-6.940101759800025e+00
-3.6709261567967744e+00
-1.2399087648146547e+00
1.2518610404819894e+00
2.0005769799501243e+00
2.068242997340565e+00
1.5496972625311303e+00
1.8988142848697167e+00
2.9962788381406003e+00
3.681459414481441e+00
2.6318893194338235e+00
1.5702136707526326e+00
-8.227736946302545e-02
-1.1173234291435565e+00
-2.4765176048257183e+00
-4.698852186621714e+00
-6.855786409161316e+00
-8.784388145654242e+00
-7.773752802409427e+00
-6.683669811135715e+00
-4.55286553449631e+00
-2.881872224476429e+00
-5.015130258274685e+00
-5.357140287293815e+00
-6.089730096865974e+00
-7.949634809132839e+00
-9.662725653693425e+00
-1.1570371266357517e+01
-1.3016322329766494e+01
-1.3638116670982258e+01
-1.1844732660530237e+01
-9.265301970308444e+00
-5.7183408614508195e+00
-2.3820917534945787e+00
5.040358172420468e-02
1.90327203105438e+00
1.741548414267985e+00
1.19290516627857e+00
6.081163144706554e-01
7.56773508515294e-01
1.6931865426128814e+00
2.5872258335507956e+00
3.38563018639465e+00
3.527195840012202e+00
2.3275293585991497e+00
7.243010573696215e-01
-1.2837291720240018e+00
-3.514991258719556e+00
-5.979948653067075e+00
-8.021970880284258e+00
-7.658627475813094e+00
-5.941782891645409e+00
-3.8018146146206e+00
-2.9718284227022984e+00
-4.723561135676238e+00
-5.443078910198638e+00
-6.427734525273788e+00
-9.42054384528685e+00
-1.0551588631407814e+01
-1.1764742555983899e+01
-1.136195776387207e+01
-1.1858105028973371e+01
-9.983011954017755e+00
-7.956874260923729e+00
-4.7533534837290885e+00
-2.2454452751049083e+00
-2.511772242798176e-01
9.803581059702448e-01
6.795867491916305e-01
-1.3718885877774353e-01
-3.543057118567165e-01
-3.3886453568823127e-01
-2.5635640533752994e-02
5.301990373475479e-01
1.81012377967894e+00
2.4402586663809007e+00
2.0180010616130417e+00
1.1029543085402398e+00
-8.355536782435908e-01
-3.372611115619758e+00
-5.690295237340496e+00
-8.314244962039295e+00
-7.934053112525325e+00
-6.458518054180823e+00
-3.6102833535327057e+00
-3.3583634908791975e+00
-5.2747632139431255e+00
-6.954544991424163e+00
-9.007052820506345e+00
-1.1446562658424051e+01
-1.1845612361259814e+01
-1.2403417616921626e+01
-1.1142518246590893e+01
-9.925182234902124e+00
-7.3533203455191645e+00
-6.152391383071478e+00
-4.63515526536028e+00
-3.1597456782751836e+00
-2.424792311492818e+00
-2.1922686102830085e+00
-2.272195259736533e+00
-2.5855876410232046e+00
-2.5664105676991427e+00
-3.0459839227724226e+00
-3.126711720756885e+00
-2.643124527375798e+00
-2.096771379222701e+00
-1.171328663524794e+00
-7.207570311867054e-01
-6.310515848339697e-01
-1.6384311694955347e+00
-3.926893964239845e+00
-5.917889092822801e+00
-8.342101493268055e+00
-8.082713073697024e+00
-6.86491532459718e+00
-3.9004438304410574e+00
-3.7586881670934877e+00
-6.108536232195745e+00
-8.309344353417202e+00
-9.676161107407097e+00
-1.1287096418551197e+01
-1.0744764916167643e+01
-1.1123443225040058e+01
-9.341528276010076e+00
-6.942517368870651e+00
-4.755813669526697e+00
-3.5906704952144777e+00
-3.120372404340548e+00
-3.4501127666036258e+00
-4.499053541046833e+00
-6.679847693277153e+00
-7.02265898619553e+00
-9.040657955093149e+00
-8.412113323355337e+00
-9.830461219864022e+00
-8.619670699665015e+00
-8.451088239999207e+00
-7.098978198665777e+00
-5.770972975184064e+00
-4.023558362519731e+00
-3.2132090477816386e+00
-3.501497237379312e+00
-5.04678891772356e+00
-6.404771332919839e+00
-8.24295022176855e+00
-8.012948251496951e+00
-7.130489385550354e+00
-4.038064881047846e+00
-4.2392237563540105e+00
-7.217486540441235e+00
-8.774020369951662e+00
-9.086328471971873e+00
-9.653455864817621e+00
-9.180849871236344e+00
-8.592332462727486e+00
-6.502221166421628e+00
-4.338728954177157e+00
-2.9914567401608636e+00
-1.246180867246977e+00
-1.8512512423722756e+00
-4.072335774251977e+00
-7.939290053093152e+00
-1.2378538822480131e+01
-1.5756614911435507e+01
-1.7898279955946588e+01
-1.7814665956467046e+01
-1.7224722580756687e+01
-1.4685474928205311e+01
-1.264474380540828e+01
-1.0380581228934219e+01
-7.802869624612445e+00
-5.717248850853925e+00
-4.584135779836821e+00
-4.747178625421464e+00
-5.2886494312120815e+00
-6.181623468821935e+00
-7.379187972542028e+00
-7.350624872716612e+00
-5.791295534208236e+00
-3.309535698039813e+00
-3.9961928615027937e+00
-6.594796752571714e+00
-7.995383289747303e+00
-7.51291530322598e+00
-7.673056854935546e+00
-7.3777433054206485e+00
-6.983982568301258e+00
-4.777286579003773e+00
-3.189715615335764e+00
-2.3451774324237173e+00
-1.4876361522582828e+00
-2.380881638882581e+00
-5.460210114732552e+00
-1.0082615258709488e+01
-1.5495634368302827e+01
-1.8678122113693526e+01
-2.1857413312636087e+01
-2.1014724837861564e+01
-2.0062650221051495e+01
-1.591582165212727e+01
-1.4082398873503388e+01
-1.0975626444485743e+01
-8.479723420294622e+00
-6.231794547020665e+00
-5.493538322931176e+00
-5.169065897009881e+00
-5.271456133787074e+00
-5.317008565207542e+00
-6.330897303627457e+00
-6.012790934119248e+00
-4.452025897665588e+00
-2.3028009060247094e+00
-3.1384213879807743e+00
-5.04479739978175e+00
-5.976699365062652e+00
-5.7159844133799185e+00
-5.8742567398316385e+00
-5.176763518410182e+00
-4.9782258979174445e+00
-3.5637709781344054e+00
-2.0664553039028775e+00
-1.9747238109371623e+00
-2.094427868815063e+00
-2.666297556616444e+00
-4.612681425645938e+00
-8.171515290332664e+00
-1.317759927368455e+01
-1.565246628420239e+01
-1.7175274682615914e+01
-1.5500645011590398e+01
-1.510241308344527e+01
-1.2869642233832913e+01
-1.0955543652914109e+01
-8.412685085622616e+00
-7.151843328545128e+00
-5.80989674176717e+00
-4.703052903172523e+00
-4.16948537727921e+00
-4.081911634351507e+00
-3.697261733605197e+00
-4.0896224473089635e+00
-3.6570638829673996e+00
-2.8799862591053476e+00
-1.4799382316466936e+00
-1.6223771641724698e+00
-2.8098832756223584e+00
-3.219275607168516e+00
-3.340032999381298e+00
-3.629570607268904e+00
-3.124862042497926e+00
-2.856411827509653e+00
-2.0336707754841483e+00
-1.0209108305889627e+00
-1.3125550844021099e+00
-1.5287883710779484e+00
-1.5012269762830495e+00
-2.2286145042357393e+00
-4.747464197986419e+00
-7.596963631935885e+00
-9.053041274264348e+00
-9.163357048223672e+00
-7.749471002753294e+00
-8.082369584400425e+00
-7.012484560348281e+00
-5.845446222454673e+00
-4.484897139679884e+00
-4.626324859630477e+00
-3.790520150166687e+00
-3.060628321945095e+00
-2.363829102121179e+00
-2.15150249928151e+00
-1.8438064572704933e+00
-2.0126446286733417e+00
-1.6567673425156302e+00
-1.4608701119157173e+00
-7.173090709755829e-01
