1.546271081905871148e-01
1.576995701602578737e-01
1.610823482924209626e-01
1.633417292437732982e-01
1.611560657038639266e-01
1.511191984601367444e-01
1.595269720380298184e-01
1.604701135824185831e-01
1.623914159690001136e-01
1.693235910376879871e-01
1.675512510607790606e-01
1.498688483809719474e-01
1.644755549490110047e-01
1.885020553891634809e-01
1.717193192384834921e-01
1.817737063798708363e-01
1.622879840234780213e-01
1.577508817908194749e-01
1.697629116253710491e-01
1.512348862940576799e-01
1.651310650908897615e-01
1.751131970378287661e-01
1.622666721097806297e-01
1.790501602113381829e-01
1.587149082394736233e-01
1.555277651751471868e-01
1.251130441857879194e-01
1.695754543636281142e-01
1.679384021828119467e-01
1.544722004777831781e-01
1.734559054146090629e-01
2.011274176002317560e-01
1.985834426249191431e-01
1.532924359136243198e-01
1.799893106596154591e-01
1.602689139442276256e-01
1.512069104353101212e-01
1.794276290086651016e-01
1.498220182719930682e-01
1.756058110175287568e-01
1.719942335474075601e-01
1.712211978697056325e-01
1.797776766905215817e-01
1.544754821268205791e-01
1.568037934788379939e-01
1.632182830655947992e-01
1.781715185313608452e-01
1.607642673385350496e-01
1.507148014084646048e-01
1.625398437771235494e-01
1.905804637085835307e-01
1.594608324665209298e-01
1.659472512552340739e-01
1.672466930846478461e-01
1.804081542158688933e-01
1.766453588212340831e-01
1.691316111613547779e-01
1.347575612654565713e-01
1.410311107027334143e-01
1.767372038118121547e-01
1.668685241217137127e-01
1.783821565516082175e-01
1.645661341061989136e-01
1.580437914315177272e-01
1.620985110544237162e-01
1.431618847860479660e-01
1.590727279727149057e-01
1.820116743597817999e-01
1.361491266784606025e-01
1.824297233448471389e-01
1.403762285508636798e-01
1.642113982259187921e-01
1.733803382426948037e-01
1.839502762257982649e-01
1.603678998174172532e-01
1.714067719041645899e-01
1.850646791023879134e-01
1.655407985726905506e-01
1.918663567605558284e-01
1.607802866216745397e-01
1.717881495987101936e-01
1.767051842178031795e-01
1.567886654095454191e-01
1.619109029901575347e-01
1.400374681241590147e-01
1.514000741279907802e-01
1.916836714408536868e-01
1.408463017443816745e-01
1.656014247247789006e-01
1.786355655653962538e-01
1.401145243600166179e-01
1.991107933221618054e-01
1.645685305945922827e-01
1.487306169301220449e-01
1.683614260548964570e-01
1.633099580196716860e-01
1.493034819213548969e-01
1.747693496841986605e-01
1.508110517541594864e-01
1.620395718915058625e-01
1.717509584120034682e-01
2.007722725180232093e-01
1.801462978961858308e-01
1.822834454995751752e-01
1.617648381592615703e-01
1.479205094109037333e-01
1.836218905608600349e-01
1.711297328388487193e-01
1.468864417617770646e-01
1.748693599057148107e-01
1.549820063832887396e-01
1.555230503206178061e-01
1.566794604847911720e-01
1.522946191101504920e-01
1.619303555275038442e-01
1.571606385818510587e-01
1.637960751775307811e-01
1.552591753300881505e-01
1.751217837389235088e-01
1.581032699026373445e-01
1.679242631413289388e-01
1.390343454709552229e-01
1.830239925750557495e-01
1.896633478986330945e-01
1.718192713177636999e-01
1.911711048801623958e-01
1.630508913496876988e-01
1.686630613513390442e-01
