-3.102577800366725924e-01
1.295257425515276561e-01
-1.003642013220664708e-01
-1.589926750162144742e-01
-2.616336987006721571e-01
2.984508144636970062e-02
-3.093929788564423466e-01
-3.458261868176184389e-02
-1.930072041760105273e-01
-1.268740710410326544e-01
-2.310512626605502051e-01
-1.372694662143013333e-01
-1.341081520040912634e-02
-2.582897328923126623e-01
-1.771625614268615423e-01
-2.226957533737106698e-01
6.951811830007864623e-02
-1.023244039384434700e-01
-2.329952248589089447e-01
-1.362617808271591735e-01
-4.251163005162872377e-02
-1.526306626398509780e-01
-1.675325485376786272e-01
-1.849493179265318532e-01
-1.430554412652858820e-01
-1.092994553893437415e-01
-1.811613301985963154e-01
-9.421179393176659644e-02
-3.189290144933806803e-01
-2.142485884539324648e-01
-1.168339941494660750e-01
-1.372462160522087415e-01
-2.160950375184323702e-01
-2.171949570790356610e-01
-1.379562994133350928e-01
-4.207300987760115296e-01
1.011141722856991332e-01
-2.004444302172603831e-01
-1.148335489354347372e-01
-1.650817876703607467e-01
-2.767407016198079051e-01
-1.439157017666568006e-01
-1.897777277575355692e-01
-1.456007336596926438e-01
-2.210004957517068824e-01
-1.647787797732559179e-01
-9.380018961936648081e-02
1.256959416103841098e-01
-2.690949019526819308e-01
-5.880687508084750381e-02
-1.322982209598099479e-01
-3.732451618079535294e-02
-3.623031414017606200e-01
-6.633347244169313095e-02
-1.608160992278468426e-01
-7.731943718544084798e-02
6.644307110632324820e-03
-1.583365494235611515e-01
7.057572175201820563e-02
-1.786377221747651178e-01
-7.439057546305802293e-02
-1.497085500404159164e-02
-2.388173118792180916e-01
-2.801797988136072171e-01
