 1.09448290e+00  9.15534496e-01  9.21435416e-01  1.04924321e+00
  1.03272069e+00  9.58858430e-01  1.01824772e+00  9.20589864e-01
  9.41008210e-01  9.95693445e-01  9.88812089e-01  9.64316547e-01
  9.27818179e-01  9.37718868e-01  1.05129957e+00  9.39192057e-01
  9.77751791e-01  9.58603621e-01  9.73131716e-01  9.02475536e-01
  9.75872517e-01  1.02695405e+00  1.01735818e+00  1.00428367e+00
  9.57828820e-01  9.38158095e-01  1.02824664e+00  9.86721933e-01
  8.73210132e-01  9.79695082e-01  9.52879846e-01  1.02406824e+00
  9.69504833e-01  8.74680459e-01  8.52330446e-01  9.59042788e-01
  9.87333417e-01  1.01311958e+00  9.89381015e-01  9.17134464e-01
  1.01453459e+00  9.82627809e-01  9.86731529e-01  9.95565832e-01
  9.65148211e-01  1.01161766e+00  9.91791844e-01  9.84413624e-01
  9.36953425e-01  1.04120123e+00  9.86817479e-01  1.03775871e+00
  9.97161031e-01  8.97232234e-01  1.00967979e+00  9.83665645e-01
  9.16547716e-01  1.02722311e+00  8.97291660e-01  9.87703502e-01
  1.00801456e+00  9.14392531e-01  1.10071802e+00  1.00267410e+00
  9.72759068e-01  9.54919398e-01  9.27957952e-01  9.41933334e-01
  9.86810148e-01  1.05097973e+00  9.95657504e-01  8.83805096e-01
  9.68798220e-01  9.91184652e-01  9.62469339e-01  9.67870116e-01
  9.48992193e-01  9.79567409e-01  9.42755222e-01  9.53792512e-01
  9.90244865e-01  9.25360203e-01  1.00559986e+00  9.53397095e-01
  1.06835032e+00  9.75850999e-01  9.23824966e-01  1.00123465e+00
  1.01214266e+00  9.85059440e-01  8.69432390e-01  9.97327566e-01
  1.06527126e+00  8.70515645e-01  9.78545964e-01  1.00303435e+00
  1.01572359e+00  1.04630232e+00  9.96790946e-01  1.03794146e+00
  9.71565545e-01  8.65297258e-01  9.38825309e-01  1.03604019e+00
  9.77496624e-01  9.56515968e-01  1.01067567e+00  1.05061793e+00
  8.74259889e-01  9.92948711e-01  9.84808266e-01  1.04592240e+00
  9.44092155e-01  9.67723310e-01  8.59376550e-01  8.76271069e-01
  9.15561259e-01  9.27423418e-01  9.67812657e-01  9.34179544e-01
  9.90152895e-01  1.05346048e+00  9.25323427e-01  9.48130786e-01
  9.21310365e-01  9.44387853e-01  8.95944715e-01  9.43847954e-01
  1.00638711e+00  1.05796683e+00  1.00316024e+00  9.64052141e-01
  9.46646810e-01  9.38439965e-01  1.01854956e+00  9.32485104e-01
  9.29456174e-01  9.37550247e-01  9.55516994e-01  9.37042892e-01
  1.03213942e+00  1.00710928e+00  9.46959257e-01  9.59591806e-01
  9.82870400e-01  9.53751981e-01  9.86872196e-01  9.69298065e-01
  9.89733160e-01  1.02951944e+00  9.98347223e-01  9.63747263e-01
  9.97111976e-01  9.91653502e-01  9.12292480e-01  9.59207237e-01
  9.53153133e-01  9.96087372e-01  1.03607559e+00  9.55878377e-01
  9.65760052e-01  8.64468813e-01  8.69001031e-01  9.90452886e-01
  9.00931954e-01  9.03357685e-01  1.01295328e+00  1.02118087e+00
  9.32506800e-01  1.03209484e+00  9.65090334e-01  9.86612141e-01
  8.87174726e-01  9.43498433e-01  9.30351496e-01  1.00684988e+00
  1.04265368e+00  9.21129584e-01  1.06330848e+00  1.04770064e+00
  9.39501345e-01  9.59831893e-01  9.33748662e-01  9.34468210e-01
  9.75036919e-01  9.42728996e-01  9.72166657e-01  1.00160325e+00
  9.39308107e-01  9.68763471e-01  9.84398603e-01  1.01595235e+00
  1.02706420e+00  8.66655231e-01  9.78104353e-01  9.54948246e-01
  9.72156823e-01  9.66966093e-01  9.03271854e-01  8.90891194e-01
  9.29181635e-01  1.06448615e+00  1.03938699e+00  9.97812927e-01
  1.06342983e+00  1.00158048e+00  1.02201867e+00  9.69594061e-01
  9.95623529e-01  9.76920068e-01  1.01310694e+00  1.01087713e+00
  1.04144716e+00  9.34848130e-01  9.22411978e-01  1.03091693e+00
  9.54302192e-01  9.25150156e-01  9.47583377e-01  9.86683369e-01
  9.14895773e-01  9.32799280e-01  1.01887608e+00  1.03376091e+00
  1.08337879e+00  8.91938806e-01  1.00166035e+00  8.70642841e-01
  1.02994943e+00  9.84655499e-01  9.06676054e-01  9.58812594e-01
  1.01102793e+00  9.60878253e-01  1.00336206e+00  8.96095276e-01
  1.03054094e+00  1.02752090e+00  8.57825935e-01  1.05177844e+00
  1.03404021e+00  9.17290628e-01  8.88870299e-01  9.55841482e-01
  9.43355739e-01  9.64424372e-01  9.37651873e-01  1.01626086e+00
  9.80183721e-01  1.02414763e+00  8.84139121e-01  1.07755196e+00
  1.03697753e+00  9.41213548e-01  1.00890636e+00  9.22223330e-01
  9.26119447e-01  9.75132585e-01  9.49141324e-01  9.48662579e-01
  9.18644786e-01  9.84315336e-01  9.01094317e-01  1.00455129e+00
  1.02824485e+00  1.10448539e+00  1.01297772e+00  1.01938260e+00
  9.73592162e-01  9.09775615e-01  1.04337895e+00  9.43713963e-01
  9.50616896e-01  9.47504699e-01  1.04415774e+00  9.07983184e-01
  9.96120870e-01  9.98493969e-01  9.05982435e-01  1.00379181e+00
  8.83169413e-01  9.53308582e-01  9.66010630e-01  9.70721483e-01
  9.52951670e-01  9.33385789e-01  9.84252453e-01  1.01417577e+00
  1.05293000e+00  9.36869502e-01  9.60895598e-01  1.00749195e+00
  9.10860598e-01  9.21317041e-01  1.04796541e+00  9.41609442e-01
  9.02823210e-01  1.05071568e+00  9.27467108e-01  9.39491749e-01
  1.02042437e+00  9.96809661e-01  9.74804521e-01  1.04440510e+00
  9.85336244e-01  1.09291923e+00  9.88583803e-01  9.21489954e-01
  9.38644588e-01  1.00276566e+00  9.66379106e-01  8.82981777e-01
  9.46679533e-01  1.00075793e+00  1.01216853e+00  1.00328600e+00
  9.47728515e-01  9.73993897e-01  9.70128953e-01  9.39248502e-01
  9.19853270e-01  9.50341463e-01  9.35023606e-01  9.40743208e-01
  1.03945184e+00  1.13371778e+00  9.41252351e-01  9.52739239e-01
  1.02431560e+00  9.85594392e-01  1.07148588e+00  1.00246501e+00
  9.18798864e-01  1.06857944e+00  9.24933672e-01  9.91003036e-01
  8.81442547e-01  9.69980061e-01  9.22530293e-01  1.02917266e+00
  9.48937714e-01  9.23351347e-01  9.79402363e-01  9.46822226e-01
  9.32565749e-01  1.00800931e+00  9.24107432e-01  9.45819199e-01
  1.04676533e+00  9.71953869e-01  1.12172079e+00  9.12121415e-01
  9.98478532e-01  9.33129311e-01  9.88140881e-01  1.03401864e+00
  1.01341116e+00  9.45510387e-01  9.74301398e-01  8.69486034e-01
  1.00692618e+00  9.86431003e-01  1.06086600e+00  8.87968659e-01
  1.00876474e+00  1.02361608e+00  9.74505723e-01  9.70897913e-01
  9.14176822e-01  1.00929463e+00  9.02986407e-01  9.82678950e-01
  1.00903785e+00  9.25301790e-01  1.05468845e+00  9.55792367e-01
  9.76835370e-01  8.93886149e-01  1.02273762e+00  9.70792770e-01
  9.09806132e-01  9.88846838e-01  9.93450284e-01  8.36859465e-01
  1.00719488e+00  1.01264727e+00  9.26770747e-01  9.60072994e-01
  9.86704290e-01  9.99852419e-01  9.18879628e-01  9.97983873e-01
  9.80162680e-01  1.04686713e+00  1.00677276e+00  9.26509976e-01
  9.75734532e-01  1.04472232e+00  9.20941412e-01  1.03624105e+00
  9.51957405e-01  9.25497353e-01  1.00943577e+00  9.92233634e-01
  9.12437141e-01  1.00854099e+00  9.44271088e-01  9.45105493e-01
  1.02327001e+00  9.80963647e-01  1.02356148e+00  9.68605638e-01
  1.01259756e+00  1.05202794e+00  1.00857127e+00  9.62469816e-01
  1.04330778e+00  9.06485736e-01  1.01216161e+00  9.90689397e-01
  9.28762853e-01  1.04671478e+00  8.38140607e-01  9.94805574e-01
  9.00890529e-01  8.41449320e-01  9.84121263e-01  8.74119997e-01
  1.00042295e+00  9.21673656e-01  1.05490541e+00  9.50973868e-01
  9.25132036e-01  9.93393302e-01  1.03247201e+00  9.68522727e-01
  1.03642321e+00  9.63795602e-01  9.99181747e-01  9.91761088e-01
  8.68000150e-01  1.00493550e+00  9.94911134e-01  9.76981223e-01
  9.48688686e-01  9.76611376e-01  1.00694394e+00  9.87879395e-01
  9.69812989e-01  9.35329795e-01  1.05362678e+00  8.70845079e-01
  1.08507550e+00  9.18185830e-01  9.49086785e-01  1.01086640e+00
  1.01579106e+00  1.00271189e+00  1.01478577e+00  9.98415828e-01
  9.55098987e-01  9.04010892e-01  9.98090923e-01  9.17278707e-01
  8.93987715e-01  9.95980918e-01  9.97268021e-01  8.83139312e-01
  9.46599543e-01  9.07483160e-01  1.02150118e+00  9.61550355e-01
  9.80196297e-01  9.72881675e-01  9.78830934e-01  9.55275834e-01
  9.72056985e-01  9.39527452e-01  9.70270097e-01  1.01060307e+00
  1.05909777e+00  9.60324466e-01  1.03748548e+00  9.63568628e-01
  9.42444444e-01  9.06549394e-01  1.00631988e+00  1.06844866e+00
  1.02015817e+00  1.02528799e+00  9.27883148e-01  1.10015798e+00
  1.01232564e+00  9.75578547e-01  9.55134511e-01  1.11463046e+00
  9.56975579e-01  9.88642931e-01  9.82634842e-01  9.55067098e-01
  1.01347411e+00  9.85041916e-01  9.48935211e-01  9.47070062e-01
  1.05385518e+00  1.02097225e+00  9.35369194e-01  9.88033056e-01
  8.61001492e-01  9.96572554e-01  1.01504862e+00  9.88646984e-01
 -1.28092572e-01 -2.83283710e-01 -1.77587032e-01 -1.61781847e-01
 -2.22273588e-01 -2.22369298e-01 -1.53877079e-01 -2.14999273e-01
 -1.53453097e-01 -1.15539454e-01 -2.30867177e-01 -1.35873914e-01
 -3.27546746e-01 -1.34372756e-01 -1.50828809e-01 -2.90032923e-01
 -1.75185636e-01 -1.36592016e-01 -3.04278612e-01 -2.19304129e-01
 -1.08646639e-01 -2.48783261e-01 -1.65348381e-01 -1.05071142e-01
 -2.06753284e-01 -1.25784293e-01 -1.71017051e-01 -1.66925907e-01
 -1.88902244e-01 -2.63943791e-01 -1.87678620e-01 -1.71078190e-01
 -2.26439908e-01 -2.78556347e-01 -3.23417068e-01 -1.96514621e-01
 -1.22668572e-01 -2.79288292e-01 -1.25588447e-01 -9.74651873e-02
 -1.40913904e-01 -8.59343186e-02 -1.44534066e-01 -2.39694864e-01
 -1.04361944e-01 -1.35938466e-01 -2.81764895e-01 -2.61555582e-01
 -2.80379832e-01 -1.73949391e-01 -4.57580648e-02 -2.04494119e-01
 -2.03213677e-01 -3.02686632e-01 -1.19998783e-01 -1.33032829e-01
 -2.24082634e-01 -1.70494020e-01 -1.98925361e-01 -1.86251506e-01
 -2.08329827e-01 -1.54375106e-01 -2.00490713e-01 -2.76016295e-01
 -1.81410551e-01 -2.08927602e-01 -2.96192944e-01 -2.32782960e-01
 -1.68324709e-01 -1.99997872e-01 -2.84725398e-01 -1.63647160e-01
 -1.73256055e-01 -2.43708253e-01 -2.42683351e-01 -2.61245370e-01
 -1.46672547e-01 -1.03145659e-01 -1.88973457e-01 -2.49275252e-01
 -1.34648174e-01 -2.72406995e-01 -1.02910191e-01 -2.44644091e-01
 -2.38598332e-01 -1.88735798e-01 -3.14584672e-01 -2.55678594e-01
 -1.14393413e-01 -2.09125429e-01 -1.80871382e-01 -2.35829964e-01
 -1.69610485e-01 -3.10331881e-01 -1.71700805e-01 -1.91648349e-01
 -1.51379615e-01 -1.21084459e-01 -1.39695033e-01 -1.56118721e-01
 -1.71715975e-01 -2.56303638e-01 -1.39158621e-01 -1.82564840e-01
 -2.53428072e-01 -2.07127154e-01 -1.04178362e-01 -1.59042895e-01
 -2.25917459e-01 -1.84396401e-01 -7.27627054e-02 -1.41580835e-01
 -2.34307095e-01 -2.02201098e-01 -2.62189746e-01 -2.77495861e-01
 -1.82548121e-01 -2.97490478e-01 -2.94992924e-01 -2.50522763e-01
 -1.95052221e-01 -1.92055807e-01 -2.44430661e-01 -1.12308107e-01
 -1.82434499e-01 -2.70523041e-01 -3.10007066e-01 -2.37684488e-01
 -2.42280692e-01 -1.24653414e-01 -1.10869668e-01 -1.76951692e-01
 -2.15387613e-01 -2.49176368e-01 -7.92656839e-02 -2.03123271e-01
 -1.91688582e-01 -2.07112268e-01 -1.32685825e-01 -1.30734429e-01
 -1.04937099e-01 -1.90477133e-01 -2.14519829e-01 -3.00701767e-01
 -6.03174455e-02 -9.44675654e-02 -1.00357249e-01 -1.56505540e-01
 -1.95628673e-01 -2.58656144e-01 -2.81067252e-01 -2.25666881e-01
 -1.96254984e-01 -1.72284037e-01 -2.02681810e-01 -1.47735432e-01
 -2.07806230e-01 -1.34176150e-01 -1.14379004e-01 -1.25546113e-01
 -3.16981673e-01 -3.07556063e-01 -3.27133805e-01 -8.71984735e-02
 -2.64145851e-01 -1.72146082e-01 -1.73336849e-01 -1.27352118e-01
 -3.04649502e-01 -1.23272508e-01 -1.81465656e-01 -1.58026159e-01
 -1.59139514e-01 -1.13250308e-01 -1.31886885e-01 -3.08918178e-01
 -2.40069345e-01 -1.75823808e-01 -1.87623367e-01 -2.24380270e-01
 -1.56005576e-01 -1.30982056e-01 -1.29713133e-01 -1.61350787e-01
 -1.07687294e-01 -3.03349257e-01 -1.60233989e-01 -2.30848595e-01
 -2.31315255e-01 -2.39093974e-01 -1.81728110e-01 -1.21844776e-01
 -1.61278948e-01 -3.31740558e-01 -2.40724027e-01 -2.62410462e-01
 -2.83501089e-01 -1.21743552e-01 -1.87651187e-01 -1.52349025e-01
 -1.44852057e-01 -1.74211487e-01 -1.53760433e-01 -2.09224701e-01
 -1.44148409e-01 -1.13674849e-01 -1.06080562e-01 -1.24124445e-01
 -1.79988593e-01 -2.50450253e-01 -3.15310210e-01 -9.85178798e-02
 -1.68180928e-01 -2.00323284e-01 -1.94892302e-01 -1.47743613e-01
 -1.66010574e-01 -2.23286539e-01 -1.92544103e-01 -1.48538306e-01
 -2.53992945e-01 -2.36964062e-01 -1.54685214e-01 -3.24286819e-01
 -1.77765310e-01 -1.78207427e-01 -1.37628347e-01 -2.60716051e-01
 -2.38606825e-01 -2.40009651e-01 -1.52302414e-01 -1.74674749e-01
 -1.48296520e-01 -2.27981925e-01 -1.51468858e-01 -2.58172363e-01
 -7.92372972e-02 -1.22378886e-01 -2.91409403e-01 -1.10194683e-01
 -1.63752005e-01 -2.62691528e-01 -2.60844320e-01 -2.32145011e-01
 -2.66183168e-01 -1.14117309e-01 -2.56586611e-01 -1.72088370e-01
 -2.26412237e-01 -1.23047724e-01 -2.89429873e-01 -1.95463464e-01
 -1.00717619e-01 -2.62221575e-01 -1.69430137e-01 -2.03972012e-01
 -2.51599729e-01 -2.10842788e-01 -2.47807607e-01 -2.34702632e-01
 -2.12479964e-01 -1.99203014e-01 -1.65732652e-01 -2.66541749e-01
 -2.11944357e-01 -8.93326178e-02 -2.35263526e-01 -2.04063073e-01
 -2.64739424e-01 -2.74004102e-01 -2.08062157e-01 -2.58111387e-01
 -2.79157937e-01 -1.80811569e-01 -2.84018785e-01 -1.37715548e-01
 -2.22788066e-01 -2.10461408e-01 -2.82650083e-01 -2.89933532e-01
 -2.48733044e-01 -1.86302453e-01 -2.26421416e-01 -2.39110947e-01
 -2.69574940e-01 -2.26411581e-01 -1.62488505e-01 -1.74882010e-01
 -7.16637149e-02 -1.89419582e-01 -2.78075933e-01 -1.97149709e-01
 -3.19037616e-01 -2.71413594e-01 -1.89933732e-01 -2.85738587e-01
 -1.82507858e-01 -8.12643692e-02 -1.97691798e-01 -2.68689603e-01
 -1.57675371e-01 -1.94666475e-01 -2.61825711e-01 -2.24904761e-01
 -1.57722831e-01 -1.72862470e-01 -2.77437627e-01 -2.73883283e-01
 -1.96959406e-01 -1.29730403e-01 -1.64277494e-01 -2.46187523e-01
 -1.82594150e-01 -9.01502073e-02 -2.36806929e-01 -1.90909147e-01
 -2.03425869e-01 -1.33344665e-01 -2.81846344e-01 -2.08812237e-01
 -1.61514372e-01 -2.82166600e-01 -1.60852849e-01 -1.93414167e-01
 -1.74639642e-01 -1.40458569e-01 -2.03950137e-01 -2.77761340e-01
 -2.24020541e-01 -1.66953549e-01 -2.57323176e-01 -1.98110819e-01
 -1.73687950e-01 -2.34739602e-01 -1.94635689e-01 -1.58649623e-01
 -3.24801028e-01 -2.00340986e-01 -2.66392320e-01 -1.36893839e-01
 -1.41580373e-01 -2.05139533e-01 -8.32399055e-02 -1.12358116e-01
 -2.58686036e-01 -2.69548625e-01 -2.57410228e-01 -2.01191843e-01
 -2.20196769e-01 -2.52948046e-01 -1.98669761e-01 -2.57403672e-01
 -1.99603692e-01 -2.29280338e-01 -1.75672814e-01 -2.57458359e-01
 -1.69636488e-01 -2.50009209e-01 -1.81773931e-01 -2.39339620e-01
 -1.35626569e-01 -1.44164979e-01 -1.07682474e-01 -2.26721510e-01
 -2.26252869e-01 -1.92081913e-01 -1.66094124e-01 -2.45139807e-01
 -2.29895011e-01 -2.35674113e-01 -1.67175740e-01 -1.74064010e-01
 -2.27574587e-01 -1.66056246e-01 -1.57136738e-01 -2.14762315e-01
 -1.85733393e-01 -2.19676867e-01 -1.81028306e-01 -2.49793947e-01
 -2.40591288e-01 -2.02431217e-01 -3.17709386e-01 -2.61760950e-01
 -2.85086036e-01 -2.82846183e-01 -2.42130682e-01 -1.61309272e-01
 -1.50893077e-01 -2.38006458e-01 -1.98219895e-01 -1.19516797e-01
 -1.73158392e-01 -2.49436259e-01 -1.29089236e-01 -2.70227075e-01
 -2.09959611e-01 -1.93910792e-01 -2.58031428e-01 -1.15266174e-01
 -2.78106302e-01 -3.06671023e-01 -1.92701191e-01 -1.68978021e-01
 -2.10264355e-01 -1.13740347e-01 -1.38402268e-01 -1.83903247e-01
 -2.22341552e-01 -3.02401841e-01 -1.47485808e-01 -2.50334024e-01
 -2.12238565e-01 -1.69789925e-01 -1.01859003e-01 -1.57397971e-01
 -1.30595788e-01 -2.97736079e-01 -9.09141451e-02 -1.99401572e-01
 -1.75475746e-01 -3.01272094e-01 -2.35480830e-01 -7.27113932e-02
 -2.14760154e-01 -3.48202199e-01 -1.38403744e-01 -2.87422299e-01
 -1.70844063e-01 -1.39715672e-01 -2.82870084e-01 -1.78693831e-01
 -2.06072718e-01 -2.85766482e-01 -1.71124205e-01 -9.91576687e-02
 -1.92412898e-01 -2.98853010e-01 -1.66319132e-01 -2.10857347e-01
 -2.62508333e-01 -1.54387385e-01 -2.39348233e-01 -1.93400234e-01
 -1.42400071e-01 -1.97309867e-01 -2.13804826e-01 -1.64448053e-01
 -2.66175807e-01 -2.50193149e-01 -1.86447918e-01 -1.90486833e-01
 -1.13234051e-01 -1.36968076e-01 -1.28359243e-01 -1.73453152e-01
 -2.55886316e-01 -1.82383895e-01 -1.74109668e-01 -1.81327984e-01
 -2.57859439e-01 -2.07017288e-01 -2.53553003e-01 -1.75381586e-01
 -1.56753451e-01 -2.45166168e-01 -2.74667382e-01 -2.24893153e-01
 -2.31391281e-01 -3.25429201e-01 -1.38386980e-01 -1.83985099e-01
 -9.98675078e-02 -2.18307346e-01 -1.08941600e-01 -1.55434445e-01
 -1.10454008e-01 -2.65535712e-01 -1.80829093e-01 -1.78699687e-01
 -1.64641172e-01 -1.73624590e-01 -5.68806231e-02 -1.04536787e-01
 -2.17422843e-01 -1.86258912e-01 -1.20206267e-01 -2.16167182e-01
 -1.27129287e-01 -1.02466621e-01 -2.51091868e-01 -2.70847082e-01
 -2.73190916e-01 -1.26427487e-01 -2.76775956e-01 -1.02010101e-01
 -2.70216435e-01 -1.34773821e-01 -2.90889174e-01 -1.91068754e-01
 -7.42369890e-02 -1.46081105e-01 -1.99390262e-01 -1.85554489e-01
 -1.58742145e-01 -1.26463979e-01 -1.92489564e-01 -2.20816344e-01
 -2.90307343e-01 -1.31273806e-01 -1.28309280e-01 -2.76279062e-01
  1.31767898e-04 -4.38642892e-05 -1.15290291e-04 -7.54081339e-05
  4.98444017e-04 -4.04632825e-04  1.88906808e-04  3.30705952e-05
  2.02099473e-04 -2.33106039e-04  1.46223887e-04  2.82887690e-04
 -6.65129410e-05 -5.00744754e-05  1.89134938e-04  2.48201104e-04
  5.47429023e-04 -4.54190187e-04 -7.26574081e-06  2.93603051e-04
 -5.64973743e-04  3.18286591e-04 -7.30352549e-05  1.86546866e-04
 -6.63379469e-05  3.34299239e-06  3.47134628e-05 -4.10469147e-05
  1.82681615e-04  4.45657097e-05  4.46390513e-05  6.10587769e-04
  3.46018751e-05  1.48580220e-04 -4.88056103e-05 -1.35619033e-04
  3.78763245e-04  4.76048444e-04 -2.52811180e-04 -3.72611589e-06
 -1.01204132e-05 -9.44688945e-05  1.35651280e-04 -1.73938228e-04
  3.80423007e-05  3.01374039e-05 -1.63135352e-04  5.30775287e-04
 -2.32056918e-05  1.17576921e-04  2.17980967e-04 -2.41980379e-04
  3.50196751e-06  4.94870590e-04  5.25399591e-05 -3.09402560e-04
  1.12041220e-04 -2.30243793e-04 -6.32806332e-05 -2.12205603e-04
  4.48408809e-06  2.65838753e-04 -7.62304990e-05 -5.78285762e-05
  2.13776730e-04  2.12725281e-05 -8.86944254e-05  1.15496832e-05
  2.13064355e-04  1.13198689e-06  2.25859636e-04  1.35117574e-04
 -3.12519987e-04 -3.06602014e-04 -6.32959491e-05  1.27454783e-04
  1.12658512e-04 -1.35590148e-04  7.17984512e-04  4.03796672e-04
  2.73824000e-04 -4.31728695e-04 -6.13663928e-04  2.37179673e-04
 -5.46886731e-05  2.92033335e-04 -1.23056365e-04  1.25559221e-04
  2.32975814e-04  2.29550024e-05 -1.45633239e-04  1.95848901e-04
 -5.08691119e-05 -8.89225776e-05  1.93765445e-04  1.69339928e-05
 -2.46340169e-05 -3.73006624e-04 -5.15469408e-04  2.03874279e-05
 -4.71725158e-04  3.05365247e-04 -4.17211559e-05 -1.95449960e-04
  2.39758243e-04  5.68114803e-04 -1.37983996e-04 -2.34592211e-04
  1.82306394e-04  1.85154771e-04  5.26639691e-04 -2.33860628e-04
  7.26434009e-05 -4.07150714e-04 -1.47208048e-04  3.46831570e-04
  3.82553771e-05  2.41667862e-04  1.80479139e-04  4.91704152e-04
 -2.49697070e-04 -1.18538963e-04 -2.16977380e-04  1.88451711e-04
  2.17711102e-04 -8.31789002e-05  2.93761696e-04  1.80950505e-04
  3.30941199e-04  1.52214561e-04  5.35676263e-05 -3.82663420e-04
  3.11053009e-04 -3.67743371e-04  3.60128979e-05 -1.44463367e-04
 -2.59955385e-04  8.16629836e-06 -3.28565016e-04  8.70809381e-05
 -1.04776271e-04  3.61771163e-05 -2.21916824e-04 -3.10286472e-04
 -7.66955127e-05  1.21572790e-04 -4.35796945e-04  3.64350126e-04
 -2.64671689e-04 -1.02019076e-04  8.68721399e-05 -4.05037310e-04
  6.46827975e-05  1.44305857e-04 -7.80794926e-06 -4.76043424e-05
  2.08478101e-04  9.60145335e-05  2.38317167e-04  2.51195917e-04
  1.92754029e-04  2.74959631e-04 -6.93371403e-05  5.41874624e-06
  1.21386576e-04  2.62422836e-04 -3.71288537e-04 -8.46776165e-05
 -3.33777483e-04  2.61772599e-04  1.72159038e-04  2.75746541e-04
 -7.14507260e-05  1.67234684e-04  8.00856287e-05  1.40109463e-04
 -2.15824533e-04  1.51513726e-04 -1.11725873e-04  2.61143068e-05
  8.73704921e-05 -7.49182946e-04  1.44920647e-04  9.91889538e-05
 -3.71526286e-04 -6.82789178e-05 -1.72195083e-04 -1.76891714e-04
 -1.37845418e-04  7.57498929e-05  3.60513484e-04 -1.94924432e-04
  5.04829040e-05 -3.30093608e-05 -3.97535652e-04  1.78105576e-04
 -1.48145264e-04  2.40408510e-04  1.02060563e-04  3.76523589e-04
  3.83097824e-04  4.44586709e-04  2.51693054e-05  1.28277898e-04
  2.03418531e-05 -2.96114158e-05  9.69341054e-05 -3.10785363e-05
 -5.17549168e-04  3.51028517e-04  8.72369492e-05  6.02619639e-06
 -1.32625544e-04  2.66956922e-04 -3.97747150e-04 -7.76594970e-05
  5.64487127e-05 -5.84643625e-04 -1.89162602e-04 -1.39664233e-04
 -3.89861059e-04  2.00134251e-04 -5.94448575e-05  1.89830200e-04
 -1.19461933e-04  3.09322757e-04  1.48145700e-05  2.44824478e-04
  3.98309814e-04  2.23273073e-05  1.51294657e-08 -3.93039081e-04
  2.02838739e-04  2.61635956e-04  7.53828226e-06  2.80396307e-05
  9.36315555e-05 -5.82866051e-06  4.30499989e-04 -2.40217982e-04
 -2.18271744e-04  8.78704304e-05  2.70999531e-04  7.12528981e-06
  1.32538980e-06 -4.80495917e-04  1.02295089e-04  1.74088418e-04
  2.92059849e-04 -3.72958661e-04  1.03360093e-04  1.67110440e-04
  6.06683352e-05  7.35220310e-05  6.69728208e-04  1.87453654e-04
 -3.89890833e-04 -1.04139464e-04 -4.74327855e-04  2.48256238e-05
  2.75014812e-04  8.87705100e-05  2.09369522e-04 -2.50383717e-04
  1.07739492e-04  2.37447646e-04 -4.71407460e-04 -4.38612391e-04
  3.16866033e-04  1.18238961e-04 -2.63868395e-04 -2.09403574e-04
  3.78547964e-04  9.39809033e-05 -7.23592166e-06 -1.74454126e-05
  3.33564822e-04 -7.65317163e-05 -3.66762506e-05 -2.18750749e-04
  1.33201436e-04 -3.00568499e-04  2.81370594e-04 -4.21803998e-04
  3.16845864e-04 -6.12477161e-05  3.25171452e-04 -2.15235064e-04
  1.42399449e-05  3.69414229e-05 -4.36003582e-04 -1.49223051e-04
 -1.32571522e-05 -6.27666479e-04  2.50793018e-05  8.43842936e-05
 -2.14418222e-04 -2.06051263e-04  1.12455316e-04  1.72468117e-05
  1.99942860e-06  1.04418250e-04  1.61860327e-04  1.40430220e-05
  1.02811144e-04  1.91309839e-04 -2.96671351e-04  1.78169328e-04
  6.95819035e-05 -3.88072222e-04  4.83479562e-06  2.96482234e-04
  3.40408704e-04  1.67950391e-04 -1.21626690e-04  1.66412337e-05
  1.25526858e-04 -1.40530086e-04  4.37138042e-05 -3.54118733e-04
  1.36897128e-04 -5.02370749e-05  1.83588578e-04  1.50683671e-04
  1.38661286e-04 -3.10261647e-04  6.63064202e-05  1.59372445e-04
 -2.75377068e-04 -1.66429163e-04 -1.96346926e-04 -2.67074356e-04
  2.31321537e-04 -2.41832779e-04  1.18931202e-04 -4.60292998e-04
  1.41582466e-04  2.25617448e-04  6.07181973e-05 -7.15218048e-05
  8.51405457e-06  1.69951943e-06 -2.21123410e-05  2.86021805e-05
  1.72926200e-04 -2.60154338e-04  1.99507864e-04  1.41037817e-04
 -2.86002105e-05 -6.21192157e-06  5.05655735e-05 -2.76157225e-04
  3.24655848e-04  1.20442543e-04  4.88284204e-05  3.87145788e-04
 -9.10210292e-05 -3.20263905e-04 -3.44431719e-05  1.10430410e-04
  1.24855564e-04 -1.35594048e-04 -1.14959847e-04 -1.19000055e-04
  2.52181955e-04  2.29006779e-04 -2.26896409e-05  2.24656196e-06
  4.15802031e-04  1.74490910e-04  2.58982385e-04  9.84899016e-05
  4.26730840e-05  8.44582464e-05 -9.67079686e-05 -5.20875146e-05
 -1.08410088e-04  1.92508887e-05  1.11999114e-04 -2.02551557e-04
  2.08195139e-04 -3.43783700e-04 -4.99637215e-04  8.80431107e-05
  1.93329324e-04 -1.33137539e-04 -6.62108141e-05  1.78818722e-04
 -3.15320241e-04 -3.69836867e-04  2.36868465e-04 -3.24393855e-04
 -2.63479946e-04  2.77515181e-04  2.04092416e-04  7.37713854e-05
 -1.23252234e-04  3.36274061e-05 -8.19864101e-04 -1.56880502e-04
 -4.69934515e-04  1.29004096e-04 -2.01786934e-05 -4.72661777e-05
  4.86936857e-04  1.81302952e-04  1.94336550e-04  1.53190413e-05
  9.57355296e-05 -9.14683405e-05  2.08139580e-04 -4.13122470e-04
 -1.35884780e-04 -2.45919276e-04 -2.10510305e-04 -1.99572987e-05
 -4.64829427e-05 -1.91760478e-07 -2.70003511e-05 -2.27800760e-04
 -9.43641862e-05 -5.30302408e-04  1.94558568e-04 -3.12160118e-05
 -1.46302827e-05 -1.01732396e-04  2.39909990e-04  4.31379840e-06
  3.75022035e-04  1.73255889e-04  6.25358098e-06  2.05487609e-04
  1.41635639e-04  1.36809656e-04 -1.34907441e-05  2.00082941e-04
 -2.53184317e-05  3.28367169e-05  3.65823187e-04  2.34886422e-04
 -1.22620666e-04  3.64412612e-04  5.19921363e-04 -7.51295956e-05
  4.58942886e-05 -1.37536714e-04  1.27209147e-04 -8.03632283e-05
  3.33869510e-04 -5.05649550e-05 -3.60488666e-05 -2.63042573e-04
  6.07541297e-05  3.77671124e-04 -1.35146300e-04  2.04272481e-04
 -3.96110147e-04 -3.10823780e-05  1.67234306e-04 -6.81562378e-05
 -5.28505829e-04  3.86264364e-05 -1.24936618e-04 -9.18679871e-05
  2.71926274e-05 -3.95424344e-04 -2.23908675e-04 -6.52147646e-05
  6.14077027e-04  2.32760183e-04  3.27496498e-04 -1.80792573e-04
  8.63398382e-05 -2.17608656e-04 -5.40313958e-05  1.07577798e-04
 -1.58055027e-05 -2.41836722e-04  1.50683642e-04  1.93986722e-04
  1.60984098e-04 -3.15716607e-04 -2.00223847e-04  2.42491624e-05
 -2.71378492e-04 -3.97338677e-04  1.47523591e-04 -1.50339925e-04
 -8.62926245e-05  1.13161150e-04  2.92953682e-05 -4.82514326e-04
  1.84905832e-04 -1.16692005e-04  3.30458606e-05  1.12624359e-04
  4.99214184e-05  4.87119833e-04 -3.77865130e-04  7.41110824e-04
  3.14679928e-04 -4.91921564e-05  1.22283935e-04 -2.75231199e-04
  2.94797006e-04  2.28940044e-04  8.49295029e-05  3.45726992e-04
 -1.80082119e-04  2.34561609e-04  2.30429607e-04  3.28064889e-05
  8.66836086e-02  9.55145210e-02  1.12539321e-01  9.70276594e-02
  8.95768851e-02  9.02254432e-02  9.96695235e-02  9.14070383e-02
  8.27436522e-02  1.03025541e-01  9.14371014e-02  9.00744274e-02
  9.73583236e-02  1.01256780e-01  9.40743461e-02  1.07811041e-01
  8.99017379e-02  1.20970227e-01  9.15334970e-02  8.20247754e-02
  1.02141604e-01  1.18291393e-01  9.50763449e-02  9.95589122e-02
  1.09013818e-01  9.34544951e-02  9.83694196e-02  9.01648477e-02
  1.02592334e-01  9.52148214e-02  1.11229487e-01  9.15968269e-02
  9.69370678e-02  1.12209432e-01  9.45108607e-02  9.65110883e-02
  9.46668088e-02  1.13735326e-01  9.06684101e-02  9.71170738e-02
  1.12393782e-01  9.69075412e-02  9.65180248e-02  1.12929054e-01
  9.42423120e-02  1.12073041e-01  1.14005290e-01  1.12257510e-01
  1.04553916e-01  8.95339400e-02  1.00559756e-01  1.18690684e-01
  9.91583765e-02  1.19074464e-01  9.15862098e-02  1.08459644e-01
  1.22016646e-01  9.71610919e-02  1.05348878e-01  9.37094912e-02
  9.14555341e-02  9.23059210e-02  1.09825976e-01  9.41292122e-02
  1.25428528e-01  8.59548673e-02  1.07594103e-01  8.50179791e-02
  1.01095326e-01  1.15235232e-01  1.03153691e-01  1.01235494e-01
  9.49176699e-02  1.13079667e-01  8.38759094e-02  1.06491916e-01
  9.89920720e-02  1.00836001e-01  1.15964204e-01  8.68128166e-02
  8.33209381e-02  1.03062212e-01  9.55809727e-02  1.00906707e-01
  8.51777792e-02  1.05117254e-01  1.10638104e-01  1.01177171e-01
  8.99786651e-02  9.14674923e-02  9.89912972e-02  1.27260745e-01
  1.00731313e-01  1.13980383e-01  1.05455726e-01  9.39842835e-02
  8.75742584e-02  8.94690678e-02  1.13640219e-01  1.10671215e-01
  1.12333857e-01  9.67337489e-02  9.39508751e-02  1.02131821e-01
  1.15265138e-01  9.87016708e-02  9.31624770e-02  9.90958139e-02
  1.12117134e-01  1.01361044e-01  9.09193158e-02  8.64878073e-02
  9.91037562e-02  1.18754223e-01  9.32125375e-02  9.59170684e-02
  1.00530341e-01  1.04573809e-01  1.17819667e-01  9.70499888e-02
  1.14601426e-01  9.19648856e-02  1.18453361e-01  9.82698426e-02
  9.25288275e-02  1.03239343e-01  1.19899817e-01  9.94132608e-02
  9.46093574e-02  9.47167203e-02  9.75686833e-02  1.03145674e-01
  1.03521444e-01  1.02955624e-01  9.18521881e-02  1.03679135e-01
  9.39782709e-02  1.10722534e-01  9.45114717e-02  1.01993524e-01
  9.19730887e-02  9.08132792e-02  1.17458597e-01  9.93271247e-02
  9.89093855e-02  9.73688811e-02  9.98073295e-02  1.07325450e-01
  1.01024896e-01  1.21209517e-01  9.84126851e-02  9.84717160e-02
  1.07844174e-01  9.70280319e-02  9.95229036e-02  8.83712098e-02
  1.03821173e-01  1.05246283e-01  8.72277617e-02  9.58930999e-02
  9.46342796e-02  1.08000748e-01  1.19265713e-01  1.01205721e-01
  9.41312909e-02  9.43045616e-02  1.12159610e-01  1.06574990e-01
  9.47752893e-02  9.44870859e-02  8.67285356e-02  9.52764377e-02
  1.10169493e-01  9.76990685e-02  9.52177867e-02  1.04844861e-01
  8.65148902e-02  9.43340957e-02  1.07490949e-01  9.38175842e-02
  1.03052936e-01  1.00801811e-01  9.47730765e-02  9.62348729e-02
  9.18367207e-02  1.04070634e-01  1.02431513e-01  1.07355662e-01
  9.48272124e-02  1.07325152e-01  1.16206445e-01  9.38548520e-02
  1.04195431e-01  1.10445589e-01  1.18779093e-01  9.76685062e-02
  1.09135084e-01  9.40952376e-02  8.48377869e-02  1.08666994e-01
  1.04762092e-01  1.03759177e-01  9.46049243e-02  9.00095999e-02
  1.05862707e-01  9.81524214e-02  8.91939700e-02  9.84402224e-02
  1.11399673e-01  1.07956983e-01  1.03783488e-01  1.00796483e-01
  8.97231773e-02  9.82041955e-02  9.75811109e-02  9.10487100e-02
  9.97698903e-02  1.01443157e-01  9.93018523e-02  1.02142684e-01
  1.00790717e-01  9.06080678e-02  1.01743706e-01  1.02319546e-01
  1.01915032e-01  9.63681191e-02  9.44075063e-02  9.07431245e-02
  1.18449248e-01  9.77402627e-02  9.87553298e-02  1.04403242e-01
  9.53860357e-02  1.13148205e-01  8.48243088e-02  9.49522704e-02
  9.05359834e-02  8.80387053e-02  1.03843264e-01  9.89192054e-02
  9.38083082e-02  1.06975935e-01  1.02880992e-01  9.40553620e-02
  1.09707400e-01  1.06215790e-01  9.41919461e-02  9.66084003e-02
  9.77501348e-02  1.00256175e-01  9.28742215e-02  9.43768919e-02
  8.85817632e-02  1.11530297e-01  8.49506781e-02  1.12744622e-01
  1.02760747e-01  9.38134268e-02  9.25021768e-02  8.25108588e-02
  1.09179333e-01  9.85856056e-02  1.07877240e-01  1.24528840e-01
  1.02516986e-01  8.80423486e-02  9.56272259e-02  9.18785855e-02
  1.16804332e-01  1.00632012e-01  1.17560633e-01  1.19099826e-01
  1.05217315e-01  9.28489342e-02  8.55066776e-02  9.87946466e-02
  9.72751155e-02  9.19382051e-02  8.70881826e-02  1.09232940e-01
  1.11732699e-01  1.05270095e-01  8.99274573e-02  1.02124289e-01
  1.00065872e-01  9.59507823e-02  8.50034878e-02  9.54471752e-02
  8.85829851e-02  1.07192762e-01  1.11430578e-01  1.11569554e-01
  8.95434469e-02  1.13158591e-01  9.11464468e-02  1.11713223e-01
  9.54308957e-02  9.20861885e-02  1.23462006e-01  9.43452641e-02
  9.85679328e-02  1.01025358e-01  1.00859642e-01  1.02873906e-01
  9.20367017e-02  1.07080832e-01  9.91839319e-02  8.68359879e-02
  1.10043712e-01  1.07178912e-01  1.06364176e-01  9.79854539e-02
  9.43253562e-02  9.90859419e-02  9.41828489e-02  1.01672441e-01
  1.14347413e-01  1.00784488e-01  1.09572247e-01  1.11333810e-01
  9.25996974e-02  1.13221057e-01  9.50208828e-02  9.73239988e-02
  7.81872794e-02  8.86106268e-02  8.97831023e-02  1.01384878e-01
  1.24101341e-01  1.03034183e-01  9.67291296e-02  9.78212580e-02
  9.27865431e-02  9.44721773e-02  1.02027722e-01  1.07336216e-01
  1.08929485e-01  1.00634530e-01  1.11433476e-01  9.67109054e-02
  1.01468094e-01  9.53436419e-02  9.12535638e-02  1.00141473e-01
  9.06933397e-02  9.86987427e-02  9.60955396e-02  9.01647508e-02
  8.83077458e-02  9.55661610e-02  9.72586498e-02  1.10921651e-01
  1.10987589e-01  1.10081501e-01  1.05273440e-01  1.05380960e-01
  1.03706896e-01  1.08016968e-01  1.06709264e-01  1.07761294e-01
  8.62730220e-02  1.02231242e-01  9.47960317e-02  1.03478350e-01
  9.00432095e-02  9.12260190e-02  9.76986364e-02  1.01086169e-01
  9.94689614e-02  9.78517160e-02  9.72286239e-02  1.07930444e-01
  1.10683396e-01  1.07842527e-01  9.08408016e-02  1.04159728e-01
  1.09279297e-01  1.05159789e-01  9.17600766e-02  1.08894065e-01
  9.93511304e-02  1.20510265e-01  1.06364347e-01  9.47283432e-02
  8.63292888e-02  9.53945145e-02  1.15196347e-01  1.12972155e-01
  1.12465531e-01  8.97186100e-02  9.55225080e-02  1.02436908e-01
  9.29487646e-02  1.00707568e-01  9.18239877e-02  9.52203125e-02
  9.50565040e-02  9.30862054e-02  1.15220569e-01  9.87257138e-02
  1.04031973e-01  1.00603953e-01  1.13463290e-01  9.74437371e-02
  9.72771347e-02  9.88979042e-02  9.93310437e-02  1.09254681e-01
  1.03923783e-01  9.82364863e-02  9.64965001e-02  1.14543281e-01
  9.09767151e-02  8.61477926e-02  9.85944048e-02  9.51498970e-02
  1.05980076e-01  9.59205851e-02  9.07497630e-02  1.03826888e-01
  9.44271833e-02  1.12168461e-01  1.15027674e-01  1.03265680e-01
  1.16556056e-01  1.04565255e-01  9.47567523e-02  9.08923745e-02
  9.54337940e-02  8.87750238e-02  1.03685640e-01  1.02944434e-01
  1.19605303e-01  1.05471849e-01  9.20834094e-02  9.92801115e-02
  1.17090374e-01  1.16039604e-01  8.98672715e-02  9.36696827e-02
  8.91955420e-02  1.00186326e-01  8.50082114e-02  1.08071327e-01
  9.59408432e-02  1.01163059e-01  1.17613092e-01  1.01021193e-01
  1.02221504e-01  8.56446773e-02  9.99666676e-02  9.29516107e-02
  8.81812274e-02  1.10113293e-01  1.01146698e-01  1.01847790e-01
  1.22606471e-01  1.04601227e-01  1.12503387e-01  1.05676875e-01
  1.03868067e-01  1.12952359e-01  9.43458602e-02  1.02954715e-01
  1.03705436e-01  1.22253172e-01  1.17293574e-01  1.03260212e-01
  8.08565393e-02  8.35386068e-02  1.08417079e-01  1.00144781e-01
  1.00778162e-01  9.67615321e-02  9.37373713e-02  9.55847204e-02
  9.81977358e-02  9.65738520e-02  9.92941484e-02  8.79756436e-02
  9.47030932e-02  9.89931822e-02  9.28581208e-02  9.39329639e-02
  1.08313210e-01  1.01661257e-01  1.02993317e-01  9.98394713e-02
  9.77101028e-02  9.10198316e-02  1.04809880e-01  8.99782106e-02
  1.14545234e-01  1.03229888e-01  1.13017343e-01  8.53401199e-02
  1.11789957e-01  1.03494808e-01  1.04495004e-01  1.02551065e-01
  8.99703354e-02  8.90054032e-02  9.66953561e-02  1.00120157e-01
  9.09277871e-02  8.92131105e-02  9.19024050e-02  9.18160081e-02
  1.07670330e-01  1.01660550e-01  9.51996371e-02  1.03841498e-01