6.403481520701564955e-01
3.275856134298755357e-02
-1.999596692379177698e+00
6.196340350555289422e-01
-1.601347573913755484e+00
9.780635933867509735e-01
4.080500470164460936e-01
4.047308011496488778e-01
2.864167860347045513e-01
5.794355819057013246e-01
5.389080839044892990e-01
-1.139247176357484292e+00
-1.154256557923337034e+00
8.662103112092051083e-01
1.312701618179559770e-02
-1.126580450652431509e+00
1.468852949404283681e+00
3.399214043566887167e-01
1.315997948696187470e+00
-3.363661465839178910e-01
-2.544725530445702821e-01
-1.410202618734053948e+00
1.741228517184357227e-01
-6.446441087496699307e-01
4.080161998149905433e-01
-6.443798399386424514e-02
1.644940830645196028e+00
-8.394947551894472726e-01
-5.336239917784822984e-01
3.111313788289646887e+00
-1.683153777720797439e+00
-1.388634180729926282e+00
-9.810574416197689329e-01
1.808470611907112002e-02
-8.801317738157559134e-01
2.415545871723593585e+00
-1.714925833700368996e+00
-5.249613144509267942e-02
2.053295670730923117e+00
-1.378926411849135336e+00
9.308619107903635115e-01
-1.682717003050475890e+00
1.476922196086150607e-01
-7.304658790632589938e-01
1.086342752776049858e+00
7.286309217461290899e-01
-1.829676763838868681e+00
-1.709637632652229566e+00
-5.223571881539029738e-01
1.766620102382322033e+00
7.802075292155631614e-02
-2.076560981402414130e-01
4.057466199484406899e-01
1.053174473360110941e+00
-6.083079603397812951e-01
-1.740035617013973246e+00
9.216987120374120490e-01
-1.838183901489861827e-01
1.184280669149848420e+00
-8.292478756354892955e-01
-1.460178391399085951e-01
-9.967385770198473882e-02
1.255078072305801928e+00
-3.733414374234139133e-01
3.579692948048728840e-01
-1.738131690173538857e+00
-7.039034558330136138e-01
-7.973425967780750634e-01
-1.071272228852449659e+00
7.082713240330137938e-02
1.669349929053525958e-02
1.088827981287724844e+00
1.094374307009286368e-01
-1.308613442344097155e+00
-1.457455100464203124e+00
-2.069603606414623098e-02
9.546666639738564664e-01
1.387018216984435282e-01
1.510528106733964204e+00
5.479866264543767906e-01
-8.407790364657315996e-01
4.858249015840843676e-01
7.898310626437943238e-01
1.309397954998537950e-01
-1.941350061852473441e-01
2.535205236814971563e+00
-1.860730982185583304e+00
-8.935156697938018144e-02
-3.539747636004155762e-01
-8.507330102944445915e-01
-1.203849480555932785e-02
-3.843592703420121715e-01
-1.537023443562426595e+00
-1.145729319968758209e-01
1.176520016541196645e+00
6.773669441320462337e-01
-8.826143461270594681e-01
1.765897856162556845e-01
-2.058378268601298799e+00
1.445316792001749340e+00
-4.234800879952975439e-02
-1.056161887951155398e+00
1.459819236790677044e+00
-2.178958361226579932e+00
8.139296260981077058e-01
-2.230106594859839753e-01
-1.652672538273195046e+00
-1.424105665391937059e-01
-2.317639252978948239e+00
2.755408901330985705e-01
-6.330549337932631637e-01
5.103453949996226147e-01
1.136032361562363091e+00
7.028707652616690560e-02
-9.235321933725210153e-01
7.000862405818577550e-01
1.042100926590005860e+00
-3.634769370707778280e-01
-6.998154297651312250e-01
-9.208120577840244181e-01
-8.412135685745887326e-01
-1.983609449431097183e+00
-1.176847860606885288e+00
-2.073760717800000319e-01
-7.747610946920320263e-01
-7.594469781185436696e-01
-7.652585957167796771e-01
-8.851985448641398468e-01
