-5.179805156345219652e-01
-2.247493553986180004e+00
5.843718693914017742e-02
-2.581560725968252701e+00
2.134000407995839232e+00
-1.333671571358496344e+00
4.276558062354312018e-01
2.973808967983129770e-01
5.116058238295582150e-01
-1.235777738522568336e+00
5.635910479310026755e-01
1.028117103250674402e+00
-4.320080718533216846e-01
7.610000493330543181e-01
7.017960225822712506e-01
4.498066866899925187e-01
-1.731099228666850287e-01
-1.612762561271802453e-01
4.083929038699592451e-01
4.237480718127872165e-02
7.667727843312296399e-01
-1.750739253423305164e-01
-7.144234553289996459e-01
1.696968950671872145e+00
-2.053023581055766211e+00
-9.974970501497550934e-01
-1.289361772754736402e+00
-4.461508452966785332e-01
-6.961727410950351302e-01
5.196857644542289822e-01
-6.270257279394120253e-01
7.202150783471678031e-01
-1.064398656687979283e+00
8.026801833657128959e-01
-2.038013165194418441e+00
-1.834378477555474174e-01
-5.452328699128577288e-02
1.762219032572935662e+00
-1.083145247384144083e+00
6.672609272947066517e-01
1.021110373448146508e-01
1.293073360514518821e+00
1.625381025599343943e+00
-7.713876757486858304e-01
2.343241362616819146e+00
-5.833413839452663563e-01
7.483345261933054271e-01
1.027364110943091158e-01
-1.646318560632570982e+00
-4.135488323486891660e-01
-3.527934145681631550e-01
-3.518551776716206114e-01
1.533217168579475709e-01
-1.225367939092651737e+00
-6.377619141153575422e-01
-1.554750201127317634e-02
-1.416734709292657879e+00
-3.557876981492594237e-01
-6.515533570774901806e-01
-4.709472325036801466e-01
1.161497670578896635e+00
-1.629620260447489644e-01
-1.182532851032472854e+00
2.870129074874199770e-01
1.308869026126124657e+00
-6.206915252106810499e-01
7.071944981608024872e-01
2.031391525175854973e+00
3.627996972652882124e-01
-1.531677417015109843e-01
5.385938043104920858e-02
4.165210193731828658e-01
8.379433502711648440e-01
8.553740770330967580e-01
1.004213219926768152e+00
1.849350939558657592e+00
-5.897769753297276742e-03
6.982714165830217201e-02
1.805411689931702146e-01
2.841834703725900635e+00
-2.955034799865322359e+00
3.406576239247858795e-01
-9.836967296686707218e-01
3.585845630063758671e-01
1.511717190419280099e+00
-2.143657432619566761e-02
-3.886040924228827409e-01
-3.238827753716092550e-01
-6.286239831844102621e-01
-8.949258269402999844e-01
1.235990218171807570e-01
1.205743902532496969e+00
-3.484685268090790267e-01
-1.046242391496014168e+00
2.239113161840096955e-01
1.731266313139777191e+00
-3.593325086613160524e-01
-4.744989883456283697e-01
6.691084370322232244e-01
-8.473358294567909788e-01
2.821989930717987982e-01
-2.346830089562493282e-01
1.077944610240653800e+00
1.741148133067324522e-01
-8.813181179172065172e-02
3.703639156400789223e-01
9.173628860058321566e-01
1.051783803424816588e+00
4.954525446505729791e-01
-6.945625336858113341e-01
6.445261740918310778e-02
-1.439853018358507875e-01
-2.020037359597190996e+00
1.220999166144130621e+00
4.435086936910442312e-01
-4.498212881400694418e-01
1.164882906555345793e-02
1.795453679519428691e-01
-1.084118925911298659e+00
1.868654905626168650e-01
1.583128743090150170e+00
1.212701996334769605e+00
8.266920485977452548e-01
1.659330294312269527e-01
-4.799443800140235084e-01
-1.337238375541516255e+00
-1.457833596672653664e+00
-1.217663790630072462e+00
