-1.320876772078885264e-01
1.258531736694181946e+00
-3.737335662633842759e-01
8.445534027423318157e-01
1.490100536554532340e+00
1.388818630176152258e+00
4.524515573758663423e-01
-9.760124119796531605e-01
-5.501140302139651689e-02
-3.462552479559925511e-01
4.360502120737049792e-01
9.891151800961283103e-01
-1.037266196422548692e+00
-9.175897170543066972e-01
-1.483804863309546862e+00
-1.140711616951326723e+00
3.027202707720226260e-01
-2.202602809094255376e-01
-1.640601317740440490e-01
8.700550812132210599e-01
5.527084898291506621e-01
-5.709982041132156683e-01
-2.197147061449352956e-01
-8.592299166844413749e-01
-8.297679542513858308e-01
6.230110134137145650e-01
-2.102561367741558662e+00
-1.090075498230781870e+00
4.768942722064585180e-03
2.306173894098514920e-02
1.083737558622031028e+00
-8.213056014525467186e-01
-4.162219590828560856e-01
3.294247016794155103e-01
1.095023891800304794e+00
-1.045902988783430354e+00
1.270308921623858334e+00
-5.801098619778167764e-01
1.977190224768068605e+00
1.754548714171953794e+00
-5.512240426099466184e-01
-4.017945001482971512e-01
4.941742236949791395e-02
-1.897278622624412880e-01
1.386534125884242297e+00
8.704922047097112259e-01
6.524415819069592781e-02
-6.189533394105353192e-01
3.127845293992042586e-01
4.927897863891219643e-01
-3.394071395709172823e-01
5.940587391887889313e-01
-7.389122232551478819e-02
-2.701755423077908391e-01
-1.145834858022864333e+00
-8.082822376953491261e-01
1.256659071359839952e-01
7.195697389750645989e-01
-9.197862704297986580e-01
-7.615676658823216094e-01
9.481394955002490077e-01
-5.030725607191162130e-01
1.725436505997489656e+00
-6.319477184006678794e-01
1.842891029115435231e+00
-1.787664250597471305e-01
9.307759558834582947e-01
5.426097561061573593e-01
8.818369392166105492e-01
-1.201313491694645963e+00
3.953561755477849604e-02
-1.406209082047067627e+00
-2.837085099218689677e-01
-4.558267678411007662e-01
-9.297950497679701165e-01
-1.343641901138902695e+00
-1.110012146856552473e+00
1.159782882247391900e+00
5.895123227832902435e-01
9.855651735287259685e-01
1.489289525286215499e+00
-1.014383687222376818e+00
-8.283513264353724592e-01
-1.615620199664782763e+00
-7.234367783801781693e-01
-1.448118499169329942e-01
5.540148903643375353e-03
1.019173493606569114e-01
4.147063938618651968e-01
-2.012725713337467637e-01
-8.128268726835033986e-01
-5.830559719143597608e-01
-1.861454232889211413e+00
5.561819597010754235e-01
1.873510303763155360e-01
-8.476146701856482890e-01
1.581929398273798970e+00
-2.380192716266057440e-01
-9.178132428202850912e-01
1.360560385985390974e+00
-6.498482362619489860e-01
-1.321297821975280451e+00
-1.164191202656723600e+00
9.927649503009513543e-01
7.244618516010262743e-01
5.572753636220747486e-01
4.508659723915485751e-01
1.421390088872601098e-01
-2.172388768454327768e-01
-2.848034939621857942e-01
7.313554361573887386e-01
-5.280124921548942085e-01
-2.553782220983869422e+00
-1.920442330296689981e-01
-5.571298930585588671e-01
-1.913707957990324060e-01
-9.846765882827087646e-01
5.029034358697749285e-01
-4.046409334034532512e-01
2.069640487098140802e-01
1.732128091436066164e+00
2.111824599558793647e-01
1.232237308679793752e+00
-5.771345133725884757e-01
1.255421926366817598e-01
-5.007258019531192206e-01
-3.313204776222680725e-01
7.875024102472097387e-02
