1.060317207532498252e+00
4.840501812602422405e-01
-6.604179281351875153e-01
-2.426261351880222961e+00
1.036186124679261633e+00
-1.192711132975951133e-01
-4.568140455681527490e-01
3.261901053692526919e-01
3.493749310980754919e-01
4.709662405357364356e-01
-3.101941755750252661e-01
-8.814463141750895625e-01
3.714110361887894562e-01
-1.707304696211317196e+00
-1.072357095107501879e+00
9.120770783858785924e-01
8.723558457017888124e-01
-1.549357634979250387e+00
-2.213080895685320404e-01
-7.284488149676517921e-01
6.715728349375159612e-01
-1.432972184241945834e+00
-5.468046623150248781e-02
-1.296888895709721323e-01
-2.893127263966694507e+00
-5.880568900976743674e-01
1.804044256090192144e+00
1.428492299530547793e+00
-3.830348147278380549e-02
-2.548270357912840289e+00
-6.326877372123115295e-01
-8.866739001706183121e-01
1.638261328905514791e+00
7.836971522771160603e-02
1.624165541584847494e+00
2.398237431677461728e+00
-1.545979908641330391e+00
1.392568744788693635e-01
-6.240432935122509628e-01
4.252553055199844168e-01
-2.111218474702466263e+00
-1.059320187147964276e+00
1.068680355351842998e-01
9.063540789888058224e-01
-1.624161816674138059e+00
1.680208598884626037e-01
4.839601590220575233e-01
2.794589058884474134e-02
1.164957035999338864e+00
4.149575288829220332e-01
6.079235309199809700e-01
6.890091253990735520e-01
1.973154560672293889e-01
3.797005323058819659e-01
-1.797426405593861798e+00
2.004294943347184610e+00
7.593632785838527743e-01
-3.798997260795491382e-01
-1.669411282373139960e+00
6.102952949263193982e-01
2.495827096415775270e-01
-1.003150939596275881e+00
1.034280795681923326e+00
5.694458482757765172e-02
6.404990213813700761e-02
3.551288145892969594e-01
7.764891473613526607e-01
-1.115481508619078577e+00
5.702192010029288882e-01
9.249978030994904232e-02
-1.129469083445493238e+00
-1.581155428451815892e-01
1.026143036024082633e+00
-4.747540600865561566e-02
-1.923151096284839490e+00
8.642053641099756156e-01
-7.895776222577093328e-01
-2.371187084379840826e+00
-2.199610492877365070e-02
-4.193521677316484897e-02
-1.447423567945902434e+00
-2.717145558330663402e+00
-2.190813243011021871e+00
9.960284688432154976e-01
-1.054532768932553877e+00
4.670892476275452787e-01
3.690630253660779486e-02
5.533560133134048931e-01
1.098327801338917054e+00
-6.887747344730275056e-01
5.135361721637323740e-01
-6.103263647422221827e-02
2.360249520188810290e+00
-1.940464538735989564e+00
-8.117672298236732198e-01
-1.993723108455752180e-01
-5.087657537361198745e-01
1.472177242671389275e+00
-1.461397200637807980e+00
-1.128904413832151121e+00
-9.385745058220515413e-02
-5.528311666735615804e-01
1.156599991478971523e+00
1.550088288057097641e+00
-6.540363702379961008e-01
3.855897350216562769e-01
7.038674960978626993e-01
-6.880698851231341617e-01
5.803721425031259651e-01
3.024601359624505270e-01
4.826973206842308239e-01
-1.769433790155444941e-01
-2.112321337042773362e+00
4.948498968598696868e-02
-9.255586138245899819e-02
1.405468055184706966e+00
7.335309278235185859e-01
-2.653485159935350945e-01
3.390123735718889725e-02
-2.956635903648611174e-01
-1.392084792678691119e-01
1.455068952017220862e+00
-1.079357813068822392e+00
-2.477900210871780917e+00
7.342683205084015174e-01
3.466091288096976308e-01
-1.524250561327145093e+00
-1.410506844368291768e+00
