1.446233209372525197e+00
1.203045190683241922e-01
-2.871482633053438760e-01
-8.000925113364965036e-01
3.595753225522082541e-01
1.277295756443050490e+00
2.990243400490977255e-02
-7.670897860648513422e-01
4.134386302495299814e-01
-1.529136825376701481e+00
1.058366591919315397e-01
-3.081536867623292153e+00
-1.617376168217117716e+00
-4.054979214237334761e-01
-1.067240844454854454e+00
-1.289991537452110038e+00
-3.858121834633556624e-01
-4.500472513456313939e-01
-5.076058398692983031e-01
3.657661528334335554e-01
-3.776254142814330916e-01
8.906201861434822620e-01
1.548095888403048237e-01
5.930976272672466854e-01
1.802494685761167226e+00
-2.541996177189617123e-01
-3.743084632967276781e-01
-1.175054152610591901e-01
1.826166295000325734e-01
-9.383452476265818909e-01
1.816413634159097734e+00
-9.276417912128352983e-01
8.585688514036069474e-01
5.458514411391546250e-01
1.092837351673085156e+00
2.058253112564780274e+00
2.902941535989363442e-01
-4.976145038966103273e-01
1.782165926778721099e+00
-6.331698852401524968e-01
5.518097167296361905e-01
-1.253468992249264558e+00
-6.299276261867904347e-01
-2.485410574083616542e+00
2.436363970709655713e-01
2.521977441157570166e+00
-1.036827512263252871e+00
-1.760432459435897767e+00
6.779083042508411427e-01
-7.119571333102704402e-01
-1.391869000474830642e+00
-5.630794936465016720e-01
-6.916722740792984325e-01
-6.091401106585156988e-01
-3.083780460107941601e-01
1.368197359165533422e+00
-7.877341842792980886e-01
-5.670954858585119940e-01
-1.176921072020713721e+00
-4.673983366914004067e-01
-3.187025597938435983e-01
-2.552987962319904547e+00
-3.137407091455379771e-01
1.534736448070478154e+00
-9.129377785968335601e-01
-9.743327602631031148e-01
-1.871386917646382653e+00
1.246759785831835082e-01
1.672771810216650890e+00
-3.044384568617093945e-01
5.886522970609218142e-01
-5.744941824611625725e-01
-8.807912381580828010e-01
-4.435838865670273939e-02
-3.162686289890486169e-01
-5.334382960237841198e-01
3.100292556001308080e-03
3.088939018276947168e-01
1.018699141735587732e+00
1.495603297665888676e-01
8.377848311364516354e-01
-8.126323418747246619e-01
-3.315767303439319802e-01
1.230798083992833553e-01
-1.037823654827327025e-01
2.166802155549755859e+00
2.709183747149582211e-01
1.220622088901865077e+00
1.098065624396457940e+00
-1.236898137794119595e-03
3.980573032146823009e-01
-6.330608600581444367e-01
-4.530273806163232497e-01
-8.502339640522886544e-02
-7.748690795971954204e-01
-5.231324483071901899e-01
-2.430496580423309738e-01
2.838017474800559256e-02
1.089466374669193716e+00
6.711057488091052292e-01
9.140082445579976733e-01
2.039613527840132612e+00
9.515557397207238810e-02
4.817412080189684143e-01
-8.592298133437497043e-01
-2.215179821873828114e+00
1.799090191297928465e-01
-3.508975890185293545e-01
-1.035493858180709104e-01
-1.095066920447797187e+00
-1.563364492785610071e+00
2.215227645683432112e+00
-2.167188981541789072e+00
-8.457167502502849210e-01
-1.193687710283618086e+00
-1.397234976088458924e-01
1.258899100399609949e+00
6.234764287707951214e-01
8.354968562660176901e-02
-2.106880637622379759e-01
2.686642998638651310e-04
3.623673105451853949e-01
-1.285293758696953503e+00
-7.430916333204794499e-01
1.263136815613406183e+00
8.782419788333564181e-01
2.911447325420152943e+00
4.312423910255165360e-01
