1.012456787015578730e+00
-9.604747023776127879e-02
-3.200651094482367398e-01
-5.992675545317072139e-01
1.216066581362914845e-01
-1.672358477632656326e+00
5.796737326055710904e-01
-1.158038482956223358e+00
9.963883280318322488e-02
-2.712755315917704801e-01
-4.337942943168969501e-02
-7.633016797770486583e-02
-1.013282764947424086e+00
-5.891855423689923432e-01
2.332710604757777251e-01
-9.734231956897186622e-02
3.738786237790986400e-01
9.429549843234978634e-02
-4.676726865983692472e-01
-1.916231676831333219e+00
-1.544788871518524509e+00
3.210661605325048740e+00
-3.554838029059037008e-01
-5.746892120321035469e-01
9.951795706905935956e-02
-1.445625071586881027e+00
1.439599137745862567e+00
5.281152785081633105e-01
1.495384799352403205e+00
-7.345761310114503617e-01
-1.593856315297685067e-01
4.708809179646094023e-01
2.991579468193138469e-01
-1.883435888961909888e-01
3.013625049142157897e-01
3.650144666170355712e-01
1.317793362966350745e+00
5.650429333123696551e-01
1.142578184508435291e+00
-1.000636524721264076e+00
1.290338276375541660e-01
-1.547450437468094631e+00
-1.889325479840168465e-01
-1.344589230226191257e+00
3.346988688236282594e-01
-4.795427006926507585e-01
-2.590448682200576336e+00
2.170076363342324122e+00
1.135520475009816677e+00
8.262903531070169005e-02
-5.276553645616373078e-01
-1.485286392642831965e-01
1.381584819416342702e+00
1.329560924635712960e+00
4.111779451555239162e-01
-9.812953019631854845e-01
2.327349031051419992e+00
7.247139023500207555e-01
4.377571200535194246e-02
-9.588495782286878821e-01
1.146259160835993995e+00
-8.900384374421189682e-01
-7.422556943942091312e-01
-1.920075207770329528e-01
-9.150476376684268942e-01
-1.941731422191866008e+00
-9.513951974263031852e-01
6.282582304977786247e-01
-9.951690856903921967e-01
-2.146568889591917995e-01
-3.068962110900729234e-01
8.846612237398649992e-01
4.091302792178135861e-01
9.411110397860134036e-01
1.636773008248569639e+00
-1.282449952688653250e+00
8.796341956954865232e-03
1.237287713539797496e+00
-5.206537228062149136e-01
3.601593562518815572e-01
-6.287052674563604615e-01
-1.419479981730732143e-01
-4.373135696840456110e-01
-2.453953897873427104e-01
-5.693253551609996910e-01
9.694587994388708108e-01
-2.699354807119823119e-01
-7.534414009679631929e-01
1.501576772347339994e-01
9.515314318702131624e-01
-7.284763260441101673e-01
-1.950084772757877394e-01
-1.251096589407777904e+00
-2.415500525424077782e+00
1.507581424372491374e-01
6.440463412080591442e-03
8.592027612407326931e-01
-1.557200824222582769e+00
1.250533880544549836e-01
-2.954757148987351423e-01
7.984680666477558808e-02
1.023560320762950226e+00
1.111187665806831815e+00
-3.600706197671512121e-01
5.960107691582274825e-01
9.468873373308774877e-01
3.892913311289200595e-01
-1.278302334433703558e-01
9.080404126937730025e-01
1.314047967157731200e+00
5.867880948975288252e-02
-4.097343265251894850e-01
6.985779577859375922e-02
-8.128337282651272311e-01
-8.092514522685186895e-01
2.497651044817144061e-01
-4.895413021276661114e-01
-3.316493778813475735e-01
3.343158684346099196e-01
-8.738074132636918234e-01
2.932405584577052471e-01
-1.722920394378826048e+00
-1.609779150661304170e+00
-4.736288535460228544e-01
-1.781961985565199580e+00
-1.327184834145172854e+00
-1.477409742688792216e+00
-1.338791830716857589e+00
