-2.086564735476726717e+00
3.661456745686159642e-01
-6.997346141693867594e-01
-2.970573307698011867e+00
-1.461938782728673836e+00
-1.516132942597506972e+00
3.316740915690162272e-01
-1.460688133197759031e+00
-1.389024213215960812e-01
-7.036209630090822786e-01
-1.686860254447089189e-02
7.413566068669247278e-01
-1.064644018095128430e+00
6.924678907658569083e-01
9.944393191018635614e-01
-1.843147798631663004e-01
5.230336071502657003e-01
1.640545938361083644e+00
6.611416077939424873e-01
-1.502401650054269178e+00
-2.794408728962947119e-01
9.424174351629536206e-01
8.541875504639160344e-01
1.621875363275254167e-01
-1.003583606857361143e-01
-2.728423770169831730e+00
2.383031521387734830e-01
4.190025190148712886e-01
5.067811624201463278e-02
9.238346852949668175e-01
-2.411515344523540161e-01
8.430456792008648170e-01
1.945538674043771343e-01
1.884043386387468377e-01
-7.133144760773728610e-01
-1.170783550218762903e+00
1.883012579958034394e+00
-3.417401578922509287e-01
4.468971052066103566e-01
8.746123333204521844e-01
-5.239550816890550244e-01
-1.016168768960672875e+00
-3.668790112390979408e-01
-2.619031116273849324e+00
-3.345501764886217311e-01
-2.341001710280081749e+00
-1.023297594943548994e+00
7.519252475864115492e-01
6.815077765477387528e-01
-1.815943758801041585e-01
5.855330590482504816e-01
-1.050996977171883839e-01
2.145436249572551191e+00
-8.486194579219387135e-01
1.232732933045174395e+00
-6.001361358384504907e-01
3.558704294012634550e-01
2.151362413297266407e-01
2.028187446824229745e-01
1.172095064574218082e+00
-4.375003096609563769e-01
3.623170439199264181e-01
-5.858247810167286351e-01
-6.338611253499587539e-02
2.489052031459105252e-01
1.067390717284208312e+00
-2.612799281752030467e+00
7.764221613742947614e-01
-1.243173567750390562e+00
9.180437785320453292e-01
-1.901008580648329838e-01
4.094271626762480132e-01
4.474702955869156451e-01
-8.431821232677485511e-01
1.499467932558375294e+00
-5.414490312452395759e-01
6.423752368193202944e-02
4.632229313182915642e-01
-1.433037826088984223e+00
-1.104017300377329258e+00
-3.052717335061595483e-01
-9.326358578724674997e-01
-1.170336308341506593e+00
-9.072442076400026867e-01
-1.858604268933136960e-01
-2.223795245900976880e+00
7.068685203995243027e-01
-5.221505788787771385e-01
1.816456334152669050e-01
-4.238800231458317858e-01
4.146832772541608203e-01
4.944276748078579864e-01
-9.478880927560648928e-01
6.469050363635111545e-01
-2.244638561800173238e-01
-6.338979399784120394e-01
-3.505927976062345186e-01
2.069893561326555886e+00
2.296293574002828408e-01
-4.506442432353624516e-01
-4.168005022725549957e-01
-3.384165554035468926e+00
-1.040842383542631144e-01
9.211168237706162110e-01
-1.787597615629281655e+00
1.652413737441952524e+00
-5.681664955866170263e-01
2.013366808918300166e-01
-1.031298757565191959e+00
-6.027517770887398374e-01
9.486244564501178367e-01
-1.336801867285833501e+00
-1.033894102111104996e+00
1.758712961991135471e+00
-5.909166486846625377e-01
1.169032140270404696e+00
-7.733261040766580274e-01
-1.438458692107923431e+00
-8.823432793975267696e-01
9.546898576267288661e-01
-6.769167638712710877e-01
8.724156349258362086e-02
9.133181216268516645e-01
-1.883068592664505658e+00
-1.477946774664969487e+00
6.425066609010296470e-02
1.279569494223480319e+00
2.433038907411330332e+00
