8.823138145071956e-03
-1.6007675591805087e-01
-2.7046517572672296e-01
-6.458295966094509e-01
-8.207077195598101e-01
-7.689991770325034e-01
-8.131992777393462e-01
-9.078259213760126e-01
-1.1370948600430932e+00
-1.1520916392748788e+00
-1.0678543871383461e+00
-1.2718268286612011e+00
-1.774159695180757e+00
-2.0998336085509757e+00
-2.260017776146666e+00
-2.541252827554842e+00
-2.9569336085154734e+00
-2.6525686465446396e+00
-2.1198583974723135e+00
-1.6404352200254007e+00
-1.7504085143337929e+00
-2.250790579704303e+00
-2.867718200560305e+00
-3.758896864995179e+00
-4.48497852633176e+00
-4.653580380926962e+00
-4.49383676107736e+00
-3.9736339035562773e+00
-3.8018472699991355e+00
-3.322553220150395e+00
-2.248336879501025e+00
-1.012860002618138e+00
-8.301002506633001e-02
-3.580881655894199e-01
-8.627644343266061e-01
-1.4786428112240755e+00
-2.017550616438143e+00
-2.0925629032523907e+00
-2.4665066861715075e+00
-2.4197797538421377e+00
-2.5182501128969004e+00
-2.278220349343554e+00
-2.5059213072551563e+00
-2.7208375846183164e+00
-3.378892217066725e+00
-3.5167030148292544e+00
-3.7624372986062027e+00
-3.8726951822390245e+00
-4.48258996325769e+00
-3.9724802116519586e+00
-3.647420779611053e+00
-2.989134335953633e+00
-3.4948588710089727e+00
-3.6843329365585644e+00
-4.255519848297946e+00
-4.881899079123639e+00
-5.937242881211372e+00
-6.066565421654779e+00
-5.933617718864245e+00
-5.1841098834247274e+00
-5.988509224710173e+00
-5.471211941143361e+00
-4.1264945096216605e+00
-2.345991645363005e+00
-3.567222618439169e-01
-1.228466229402558e+00
-2.3765997376927532e+00
-3.394191618768328e+00
-4.130661760743145e+00
-4.438724733200587e+00
-5.138332114541007e+00
-4.621546622123269e+00
-4.2588677658732585e+00
-4.074575934386975e+00
-4.490301332081406e+00
-4.685312954987333e+00
-5.293927373894965e+00
-5.786225945796058e+00
-6.730768404592108e+00
-6.675925894130549e+00
-6.757352957399359e+00
-6.37632296472501e+00
-6.77958285339902e+00
-6.264712396444846e+00
-6.073393747279002e+00
-6.021481944680857e+00
-6.954149549509898e+00
-7.36434136785145e+00
-8.016408644546487e+00
-7.618878648930275e+00
-8.11328609834639e+00
-7.928601058658761e+00
-8.33646565619676e+00
-7.2633338190203265e+00
-6.233656767362884e+00
-4.1529696075066385e+00
-7.851881262014895e-01
-2.171544844906008e+00
-3.653028980169227e+00
-4.808063890777001e+00
-5.94077067907752e+00
-6.209999942562353e+00
-6.844903672039498e+00
-6.242351602616693e+00
-5.9911278219502035e+00
-5.407642770680774e+00
-6.0143979941725565e+00
-6.239722936387498e+00
-7.504930398331742e+00
-8.417862532566716e+00
-9.713301952357547e+00
-9.0252369170808e+00
-9.146510268642e+00
-8.83953795479237e+00
-9.75497137603337e+00
-9.289419136563357e+00
-9.26982642974536e+00
-8.719338266374267e+00
-9.555213757149408e+00
-9.13413940016396e+00
-9.345585710232683e+00
-8.555215824728226e+00
-9.238782911046904e+00
-8.899352222728337e+00
-9.396601363789944e+00
-8.084046374646954e+00
-6.942557474048311e+00
-4.625602176483105e+00
-1.3631429031342297e+00
-2.9869346529758154e+00
-4.279442000940162e+00
-5.7601421727087745e+00
-7.408341521255825e+00
-7.561237374633696e+00
-7.544813440892029e+00
-7.097889209392022e+00
-6.9522926028029035e+00
-6.6346108062186655e+00
-6.943819728196852e+00
-7.969625635395255e+00
-9.99274633885329e+00
-1.1420907760274865e+01
-1.1238448107836986e+01
-1.0127587175573613e+01
-9.674477379926678e+00
-9.80160125450723e+00
-1.0499150614046629e+01
-1.0810714022808625e+01
-1.1055661926215366e+01
-1.0944296295339125e+01
-1.0844107503946207e+01
-1.0333788142159712e+01
-1.0269939951787466e+01
-9.600626384419158e+00
-9.20473226263285e+00
-8.596584476005182e+00
-9.018179420999155e+00
-8.050255015375676e+00
-6.376000590183041e+00
-4.4771425750985765e+00
-1.5090412037990988e+00
-2.91780336042655e+00
-4.2678808385288365e+00
-5.880738617504902e+00
-7.67577996354251e+00
-7.9650246206796815e+00
-8.565687233989381e+00
-7.9168125292966645e+00
-8.33568644416542e+00
-7.873089652233074e+00
-8.341063403229242e+00
-8.534875080114086e+00
-1.0152879754389232e+01
-1.0623388227012512e+01
-9.712815080202601e+00
-7.8084259549195965e+00
-7.368823698316754e+00
-7.6532457653991255e+00
-8.480544183165279e+00
-9.058691237487606e+00
-9.689293889638767e+00
-9.686646943057083e+00
-1.0665924306058752e+01
-1.0349784859618993e+01
-1.1058991230756101e+01
-1.0609042615841865e+01
-1.0196255092521735e+01
-8.560180501805872e+00
-8.665145222220636e+00
-7.6686984165776195e+00
-6.72663252498202e+00
-4.726606771957908e+00
-1.735318082903877e+00
-3.3629139609994048e+00
-4.575360434349865e+00
-6.559081021528867e+00
-8.619528797458932e+00
-9.680430694196259e+00
-1.1193831381291805e+01
-1.0981424257381606e+01
-1.0639453016435333e+01
-9.633219270842952e+00
-9.332844524805417e+00
-8.070414735037819e+00
-7.779102499903531e+00
-6.455960141300655e+00
-4.848450067563895e+00
-3.2249290532058588e+00
-2.6908292840536823e+00
-2.997434039239675e+00
-3.8387134979552795e+00
-4.520281758142573e+00
-5.2035578258899005e+00
-6.32768160144576e+00
-8.586775994343483e+00
-9.967567090497663e+00
-1.1458506294068933e+01
-1.1321075839322646e+01
-1.1825531107194214e+01
-1.021315020991859e+01
-9.426176854746869e+00
-8.288996295800828e+00
-7.402126377374192e+00
-5.193400549235611e+00
-2.076772824230293e+00
-3.8986498579102626e+00
-5.4106510744273235e+00
-7.568939699719111e+00
-1.0291143776032285e+01
-1.1477239214350229e+01
-1.3778614479184013e+01
-1.3255906322584853e+01
-1.2863193854048463e+01
-1.0660016633743721e+01
-9.59178146291584e+00
-7.108745515288502e+00
-5.297224902649027e+00
-3.0642298446709444e+00
-8.761025064860823e-01
4.161560024897278e-01
1.0510401343406102e+00
9.715172286518378e-01
8.753466467616481e-01
4.833325291628901e-01
-5.21842013808716e-01
-2.900736259304054e+00
-5.821269862695314e+00
-8.612047129679443e+00
-1.0847031999671444e+01
-1.1223694175176314e+01
-1.3513689264199998e+01
-1.258331392659099e+01
-1.2429582531414605e+01
-1.0429016799629537e+01
-8.583910129177172e+00
-5.269963945293e+00
-2.790916885069163e+00
-5.212010564916715e+00
-6.60939311865181e+00
-8.949241913448589e+00
-1.2068600040143354e+01
-1.3911252811377398e+01
-1.5474590454232386e+01
-1.4968905288355648e+01
-1.4149360518778698e+01
-1.1858435475856368e+01
-8.850971898762184e+00
-5.3538172983982015e+00
-2.62285971013992e+00
-1.1716215366866247e+00
4.497020306300005e-01
5.156846952618857e-01
1.1515376454822382e-01
-2.4145402410988978e-01
8.393815639326769e-01
1.9312684004073817e+00
1.6518816571420594e+00
-1.0099466467265399e+00
-3.8452892593779824e+00
-7.655814367909939e+00
-1.0862923214660297e+01
-1.2616186468121061e+01
-1.506652559734097e+01
-1.575196355076375e+01
-1.5929703142174398e+01
-1.3218982438204387e+01
-8.825035169482854e+00
-4.605453015183574e+00
-3.0332049434299213e+00
-5.16794952610642e+00
-6.905352274009537e+00
-9.034990699192576e+00
-1.2533700259989285e+01
-1.4670673393030247e+01
-1.6511091963190115e+01
-1.5531721720686964e+01
-1.5132972572159954e+01
-1.2140139416851552e+01
-8.264287565036778e+00
-3.1583975016916104e+00
-1.2953639619963409e-01
4.277982834009385e-01
-6.272530559597321e-01
-2.6915553565058126e+00
-4.7315362327512105e+00
-4.682964884764027e+00
-3.507009715289556e+00
-8.354552781441641e-01
1.0650618971859467e+00
1.731212043721372e-01
-2.638930557515989e+00
-6.2100876566925125e+00
-1.0443470485346419e+01
-1.3515721020190618e+01
-1.7183194845695105e+01
-1.746488606367437e+01
-1.835090450069576e+01
-1.4682608113686767e+01
-9.23668338460037e+00
-3.7119286955353736e+00
-3.414970959936053e+00
-5.71680463094399e+00
-7.523194593333066e+00
-9.75132206596806e+00
-1.2619091621943154e+01
-1.4093447178110393e+01
-1.6459327798985193e+01
-1.5673169258023227e+01
-1.4564517220383262e+01
-1.0612003554773134e+01
-5.674183777256403e+00
-1.1040605466885096e+00
1.4676064661528687e+00
2.814386132660648e-01
-2.655837730045403e+00
-6.441220567751885e+00
-9.374016104085163e+00
-9.124005147770118e+00
-7.493773021006836e+00
-3.612060229518027e+00
1.1719340602084367e-01
6.240591615200478e-01
-1.329070785885712e+00
-5.568646473068752e+00
-1.041609000325088e+01
-1.389133081637342e+01
-1.814384677441591e+01
-1.8595498492318395e+01
-1.8005876846094438e+01
-1.3030837525305792e+01
-7.606252012030028e+00
-3.003856534476558e+00
-3.606441154888492e+00
-5.957529985458235e+00
-7.759616290559773e+00
-9.387172804594458e+00
-1.1633766020182415e+01
-1.2089619276681274e+01
-1.4552613239094384e+01
-1.4384008634703937e+01
-1.2987402771863616e+01
-8.090511491942253e+00
-2.9549848085329042e+00
4.004198533099072e-01
1.4433633419468723e+00
-1.778883261275777e+00
-6.183508919551523e+00
-9.697001903744303e+00
-1.2670864351121118e+01
-1.1121586992435722e+01
-8.963070406337348e+00
-4.649407625025219e+00
-5.098138683022596e-01
6.118342572282089e-01
-7.50087904640647e-01
-5.248246056667613e+00
-1.028834934382396e+01
-1.4081872910533807e+01
-1.800301368476664e+01
-1.709791204392186e+01
-1.5866681259518042e+01
-1.0564407235889263e+01
-6.780347344723727e+00
-2.9939596437929206e+00
-4.105430127743298e+00
-6.979651311376052e+00
-8.356909716909021e+00
-9.525358158303815e+00
-1.1308672929941178e+01
-1.2127979285147132e+01
-1.331910675558596e+01
-1.2636786595373055e+01
-1.0451359335562733e+01
-5.770051672151147e+00
-1.1823721229522985e-01
1.7252261628732468e+00
-5.108284033288675e-01
-5.900182902321295e+00
-1.060128140744811e+01
-1.3782360931140705e+01
-1.4039611649411123e+01
-1.0880533706361247e+01
-7.872866555759085e+00
-3.946078322265572e+00
1.8141068773943567e-01
1.0244018828598127e+00
-9.734079324262099e-01
-5.8129169123839235e+00
-1.1040453711529207e+01
-1.4546441421794244e+01
-1.6307410394047057e+01
-1.4625861962643638e+01
-1.309233748516072e+01
-9.77424849815785e+00
-6.119413235245941e+00
-2.8584448094906882e+00
-4.048200935387894e+00
-6.602435832754819e+00
-8.595688901336286e+00
-9.722103989842287e+00
-1.2191039674759493e+01
-1.2760715413572447e+01
-1.2936776571853848e+01
-1.014279703352057e+01
-7.045252998766276e+00
-2.6157367976078905e+00
1.5245851342901475e+00
1.219613371436681e+00
-2.6442882918262667e+00
-7.954813732067922e+00
-1.246040551002915e+01
-1.3542759597124128e+01
-1.3425702595323814e+01
-9.64103035661198e+00
-6.3935263850531605e+00
-2.535640847919575e+00
1.4142318642211458e+00
1.7471175416191578e+00
-1.2434673552759574e+00
-5.946226369237582e+00
-1.0724807986532882e+01
-1.396766308064012e+01
-1.5512082410964345e+01
-1.35684840078653e+01
-1.3171335171906138e+01
-1.0175826307307323e+01
-6.712741728681779e+00
-2.981884815853299e+00
-3.9809467211602128e+00
-6.897706164487982e+00
-9.28840331482601e+00
-1.0983560655279504e+01
-1.3261596666479228e+01
-1.2549106558989923e+01
-1.160412886596427e+01
-7.534378523262057e+00
-3.2800209280128514e+00
-8.356176288194084e-02
1.932925809970702e+00
-3.825799436493717e-01
-4.198559780514329e+00
-8.059270546769538e+00
-9.959496413548033e+00
-9.938900162850404e+00
-9.82714796272465e+00
-6.346823357377387e+00
-3.7665859455701214e+00
-9.799141117488074e-01
1.9317558804305888e+00
7.598645534687408e-01
-2.278365361841551e+00
-7.45134892250636e+00
-1.226831349492369e+01
-1.4718427076366481e+01
-1.6769399610634633e+01
-1.5447068083965059e+01
-1.5172812690983559e+01
-1.1647574269275761e+01
-7.705965194833244e+00
-4.091748886142796e+00
-3.794122153828576e+00
-6.670376467088579e+00
-9.140191860853896e+00
-1.065726969032017e+01
-1.2101425625840397e+01
-1.0622382353851835e+01
-8.920111074798653e+00
-5.252202696979464e+00
-1.843688143005982e+00
9.978194711172939e-01
2.020361588694447e+00
9.234887162545571e-02
-2.0012843704704126e+00
-3.577665834496675e+00
-3.868424264939958e+00
-4.3171572032785805e+00
-4.302060627255065e+00
-3.0881529320510785e+00
-1.4145192381616283e+00
3.693824787633603e-01
1.612166203627882e+00
-4.558982175567876e-01
-3.5797982004388995e+00
-8.718999526939225e+00
-1.3346889446702296e+01
-1.5817148446045195e+01
-1.9165032343881784e+01
-1.768585379698505e+01
-1.722785683542376e+01
-1.2216502467080069e+01
-8.686563132958314e+00
-4.869302073506703e+00
-4.068929997103641e+00
-6.859851591262603e+00
-8.646972499627932e+00
-9.577735868172924e+00
-1.0081511778936118e+01
-8.483545265076145e+00
-5.496904205732548e+00
-2.472110815649529e+00
1.0430288207045924e-01
1.0935286480004751e+00
1.8715229569554344e+00
1.559424612598435e+00
1.6165357425240425e+00
1.836029161222931e+00
2.458445472441384e+00
2.4073636847441575e+00
1.8364304477994355e+00
6.269600263408759e-01
9.491585224823068e-01
1.4116172457977996e+00
1.0625175066360164e+00
-1.8057793705520653e+00
-5.140903926362489e+00
-1.04660747394004e+01
-1.4637233558177424e+01
-1.756487990620589e+01
-2.004586911043388e+01
-1.9283839253509267e+01
-1.7835300794644102e+01
-1.3215670715529718e+01
-8.90817851824249e+00
-5.57277820257265e+00
-3.8002057618692415e+00
-6.128045516274028e+00
-7.968910068012113e+00
-8.497508156795755e+00
-8.532418274266282e+00
-6.746197427727275e+00
-3.905986774889594e+00
-5.299626169285848e-01
1.9534736199974463e+00
1.47985388845877e+00
9.55532897528325e-01
8.370386699374922e-01
1.3974522257541253e+00
2.297192915446303e+00
2.877117440902694e+00
3.946414426070373e+00
4.148916677443569e+00
2.9283698105260516e+00
2.208622719424044e+00
2.1287247704323806e+00
1.3832069636149185e+00
-1.609936773387753e+00
-5.586295358112069e+00
-1.0751506117472864e+01
-1.4687584079538228e+01
-1.688844365202853e+01
-1.931286241664212e+01
-1.7928363050958904e+01
-1.7181588091114726e+01
-1.2965310289750711e+01
-9.259946222112653e+00
-5.838591831437221e+00
-3.6538597125636834e+00
-5.90722892771703e+00
-7.562360806470426e+00
-7.573003497511541e+00
-7.25589625318456e+00
-5.002185875721019e+00
-1.7051640419391023e+00
9.768535372306284e-01
2.0799628817879667e+00
-4.7463413075019764e-02
-1.831760119154576e+00
-3.319572719593254e+00
-3.7421827179173723e+00
-3.886153913018675e+00
-2.732365791679036e+00
-6.923377767909106e-01
5.598505370784346e-01
9.29883702280644e-01
1.635244007757638e+00
2.1257107556459247e+00
1.9031074069391982e+00
-1.1234088710936394e+00
-4.686513063422196e+00
-9.85526040764488e+00
-1.3948245683021863e+01
-1.5708237837406458e+01
-1.7709501556725957e+01
-1.6407528698626813e+01
-1.5606950579024398e+01
-1.1864584402202267e+01
-9.225250030253797e+00
-6.336037295116671e+00
-3.0093682520503857e+00
-5.114399444033313e+00
-6.950033315059006e+00
-7.445016214902602e+00
-7.174595255872803e+00
-4.021181583382864e+00
-2.3967438779370237e-01
1.3102621816227844e+00
4.162031572783525e-01
-2.7448096673462237e+00
-5.8307520407468365e+00
-7.530759160347374e+00
-1.009957742913887e+01
-1.04604870825263e+01
-1.070751086886891e+01
-8.115172260352256e+00
-7.0515655526365055e+00
-4.292946494689214e+00
-1.4700470227436684e+00
9.342714632994251e-01
2.0474587361869485e+00
9.791543928594196e-02
-2.6182348401467164e+00
-7.491031892976069e+00
-1.1495730721314029e+01
-1.4017362029635676e+01
-1.649354279442112e+01
-1.4669401021231648e+01
-1.3347338887401751e+01
-1.0023996977048968e+01
-8.60176943964538e+00
-5.744780811127613e+00
-2.6753713927698657e+00
-4.633434906489886e+00
-6.00884177377277e+00
-6.534110667253639e+00
-5.753641888711482e+00
-2.661625649042292e+00
5.417587324806353e-01
3.7491399454318025e-01
-2.250894336103763e+00
-5.762173042457649e+00
-8.493884779836026e+00
-1.11742107670234e+01
-1.3583422282446925e+01
-1.427945472503791e+01
-1.4855571228845958e+01
-1.3809816744433787e+01
-1.2290031649176957e+01
-8.341617734808663e+00
-3.9949397797526682e+00
-4.2210847135279034e-01
1.8746509884760993e+00
9.663292513028647e-01
-1.2250589471137137e+00
-5.707197844654218e+00
-1.0139236000642308e+01
-1.3171470908013744e+01
-1.453913975350174e+01
-1.2745967940051008e+01
-1.1445545101892396e+01
-9.244277266874205e+00
-7.132549563867172e+00
-4.865865522845371e+00
-2.0593267970691036e+00
-3.859895335798171e+00
-5.129938049213394e+00
-5.3517634553154485e+00
-4.661430584598093e+00
-2.06570242175897e+00
4.2058296619862223e-01
-7.13786844512818e-02
-2.4241333535765994e+00
-5.139458353519553e+00
-7.888884748072488e+00
-1.0488377663558625e+01
-1.3391488168962539e+01
-1.3635981161983139e+01
-1.4835185655903928e+01
-1.3431243752025182e+01
-1.2565954517990416e+01
-8.90662736657712e+00
-4.915012270255555e+00
-9.391799876096373e-01
2.190769397742597e+00
2.0640928742338365e+00
-1.3728711310947928e-01
-4.01899151627106e+00
-8.36240288126068e+00
-1.115911125066037e+01
-1.2398165369465222e+01
-1.0830573594946166e+01
-1.017512563452523e+01
-8.175152424238924e+00
-6.170903411650207e+00
-3.520767035455978e+00
-2.01977102828791e+00
-3.735783666349307e+00
-5.4460968747436e+00
-5.4334147224656855e+00
-4.487357421928214e+00
-2.2278752439452907e+00
4.0015533965824523e-02
1.7114038940667448e-01
-6.360600466858668e-01
-2.8293700625565363e+00
-5.259454558951849e+00
-7.646318641488753e+00
-1.0040573550334745e+01
-9.798639322032038e+00
-1.1222044615641689e+01
-1.021461120712876e+01
-9.047377226047326e+00
-6.208224190137062e+00
-3.3814127193668333e+00
-2.4554968278808684e-01
2.579411015385194e+00
2.125259545279368e+00
-4.0827653289525506e-02
-3.781533326742751e+00
-7.345344484455029e+00
-9.020616774905326e+00
-1.0446145571887321e+01
-9.592744877879248e+00
-9.437587043737121e+00
-7.514365232711298e+00
-5.151464187065269e+00
-2.701311119621806e+00
-1.8005205813626213e+00
-3.771475994730521e+00
-5.660025993467961e+00
-5.908955423039847e+00
-5.264518913857241e+00
-2.8112496854732427e+00
-9.874631776556259e-01
3.997549025516064e-01
8.553672078596396e-01
-5.864777718824477e-01
-2.357458528982201e+00
-4.364311446429084e+00
-5.255231236287242e+00
-4.972856087805959e+00
-6.02361284347355e+00
-5.819655912692269e+00
-4.922238697471323e+00
-2.928729719009556e+00
-1.2047747245203175e+00
7.330905716467633e-01
2.56403156155436e+00
1.6312234658142468e+00
-5.573734958764799e-01
-4.18416544820875e+00
-6.5957434164719615e+00
-7.804433001346202e+00
-9.717303074324775e+00
-9.28708883488898e+00
-9.335390578058966e+00
-6.745325349057276e+00
-4.749643961871729e+00
-2.5204299847839344e+00
-1.9308431932629402e+00
-3.881675166526766e+00
-5.43785383855678e+00
-6.298076619179961e+00
-6.415750032568792e+00
-5.3195235960553795e+00
-3.3393645610713447e+00
-6.187589916692849e-01
1.3713194781066818e+00
1.3522570961626998e+00
3.7714248119682886e-01
-3.88540666540446e-01
-8.801433468298341e-01
-9.343175041813271e-01
-1.43289588820525e+00
-1.7205804522926484e+00
-1.4602394227370772e+00
-3.976577960149563e-01
9.411298021601142e-01
1.8529338424492428e+00
1.9102755611615845e+00
-3.640974295527254e-02
-1.8660700582383045e+00
-4.289155864623902e+00
-5.923313713134772e+00
-7.461532519191415e+00
-8.869477542317343e+00
-8.644948622907336e+00
-8.490391087153682e+00
-6.6870702472245895e+00
-4.464433853513003e+00
-2.48931704716485e+00
-1.9787037139764654e+00
-4.032926198284594e+00
-5.965670791614045e+00
-7.002361126329853e+00
-8.355631166288285e+00
-8.334672440650115e+00
-7.449303666001199e+00
-3.319326687138032e+00
-6.237699986487391e-02
1.4588181118039454e+00
1.358416299765949e+00
1.4966334750227503e+00
1.506996493643279e+00
1.2806023541168357e+00
1.1297645831492924e+00
1.014226074182307e+00
1.088545848495017e+00
1.3632362689209618e+00
1.6350875536319869e+00
1.72098434404695e+00
9.081112514841482e-01
-1.0606095134867686e+00
-2.8582076053889027e+00
-4.171557029165996e+00
-5.641730681356763e+00
-7.092296557595111e+00
-8.588426303777691e+00
-8.463866799712532e+00
-9.227527877223983e+00
-7.756669601754316e+00
-5.7390700847952525e+00
-3.3747610325552877e+00
-2.728425848387213e+00
-5.074192336493226e+00
-7.115338389141814e+00
-8.798274389076619e+00
-1.0995782082301709e+01
-1.197552675197655e+01
-1.1644576877892513e+01
-7.809113094130815e+00
-3.9109596895767234e+00
-1.7656239057158183e+00
-6.598513439167821e-01
3.105928935729824e-01
7.242543229892268e-01
7.711910817105511e-01
1.0891770994448644e+00
1.3848442162936412e+00
1.4968625103667224e+00
6.934495587082113e-01
1.5783381547215852e-01
-4.191767031392153e-01
-1.3120039921769249e+00
-2.832977240647811e+00
-4.000743295812392e+00
-5.298518723047335e+00
-6.535968480370363e+00
-7.895542096262227e+00
-9.547523396450813e+00
-9.929820392873939e+00
-1.0615443325801218e+01
-8.830060281473608e+00
-6.771372952473553e+00
-3.990981903027457e+00
-3.03762516766378e+00
-5.403866976669747e+00
-7.8358066993435145e+00
-9.79333831934961e+00
-1.2062565803819819e+01
-1.24301311951241e+01
-1.318698639721285e+01
-1.0571918748130905e+01
-8.738199216687144e+00
-6.745693120428321e+00
-5.795321493627178e+00
-4.312746923201867e+00
-4.354101768435822e+00
-4.2196454675998325e+00
-4.729913174777232e+00
-4.204280342577159e+00
-4.675467923767842e+00
-4.475164370982368e+00
-4.544456973563143e+00
-4.044992643178233e+00
-4.9821533952819745e+00
-5.733153514623796e+00
-6.763744689126826e+00
-6.993816973648717e+00
-8.166723587201963e+00
-9.039833027528996e+00
-1.0731665522903311e+01
-1.0420340741829651e+01
-1.0259737160026427e+01
-8.034462536080348e+00
-6.409729688636259e+00
-3.684027223977432e+00
-3.1659079485190897e+00
-5.6957836980147905e+00
-7.5126812643381164e+00
-9.077787113142808e+00
-1.1066979532143247e+01
-1.1462100463003344e+01
-1.1771717854886456e+01
-1.1306759843349113e+01
-1.0728823227077202e+01
-1.0007998865476532e+01
-8.864822027273204e+00
-8.572266462433953e+00
-8.924903930087533e+00
-9.736565309547304e+00
-1.021077677784077e+01
-1.0858694555046151e+01
-1.1816911367228881e+01
-1.1310438345769088e+01
-9.315094391867817e+00
-8.101347216302884e+00
-8.472964821379735e+00
-9.350333931877923e+00
-9.488657027056679e+00
-9.004146713680669e+00
-9.036589533486785e+00
-9.338508712348425e+00
-9.888641292779441e+00
-8.787634791308149e+00
-7.787185832208414e+00
-6.233450521479254e+00
-4.3472580295092085e+00
-2.7134481168762017e+00
-2.814265280006308e+00
-4.783114634905543e+00
-6.377899412139277e+00
-7.328019210109093e+00
-9.516205063792961e+00
-1.0255737084883954e+01
-1.0543117787275136e+01
-9.878550367203822e+00
-1.0042825214602212e+01
-9.144327550789956e+00
-8.786848952052676e+00
-8.64388165314333e+00
-9.885962951160703e+00
-1.0784635090019012e+01
-1.1859306746516706e+01
-1.210026595723488e+01
-1.431470325580202e+01
-1.3373181888763064e+01
-1.1011224384766653e+01
-8.85417984854891e+00
-1.0367523688007353e+01
-1.0968751903746337e+01
-1.0978801723726319e+01
-9.422273783422376e+00
-8.805351763811904e+00
-8.375356662479165e+00
-7.903243674629599e+00
-6.226652076754978e+00
-5.48186773154751e+00
-4.409162920335093e+00
-3.2232449288548897e+00
-1.7446841572737946e+00
-2.1917835026231303e+00
-3.8295819071070603e+00
-4.939351574634462e+00
-5.779541511857547e+00
-7.232270778443091e+00
-7.304313875101818e+00
-8.136514794912408e+00
-8.162456650953702e+00
-7.4616930261248005e+00
-6.2198516378284685e+00
-6.761386507658904e+00
-7.430734498042397e+00
-8.856607105320943e+00
-9.574051928496436e+00
-1.1098651065746976e+01
-1.1475580175693965e+01
-1.2149823768566417e+01
-1.0330407688771137e+01
-9.292880060670301e+00
-8.342767315912834e+00
-9.127765442176006e+00
-9.190861423281683e+00
-9.677610490371311e+00
-8.616655970953019e+00
-7.496668119596751e+00
-6.099820075549945e+00
-5.144847997367048e+00
-3.7643988488752167e+00
-3.127942054035501e+00
-2.762811776748597e+00
-2.170942977988245e+00
-1.1099568540170244e+00
-1.1428379952931886e+00
-2.263620502534656e+00
-2.8250849314429756e+00
-3.3822058268783186e+00
-3.9295799915506553e+00
-3.794659053417149e+00
-4.616482364223147e+00
-4.756816385230956e+00
-4.070029767094967e+00
-3.3937234004831645e+00
-3.8868743530127294e+00
-4.476480333074946e+00
-5.279469838404931e+00
-5.844782025215486e+00
-6.97759959124724e+00
-7.038066756512686e+00
-6.305257143381952e+00
-5.040514767154704e+00
-5.361864913700536e+00
-5.226988879481081e+00
-5.56073159897068e+00
-5.245991729500546e+00
-5.984083020648714e+00
-5.368411296088296e+00
-4.681949807598552e+00
-3.527415182932167e+00
-2.9015842092569812e+00
-1.9980693996883183e+00
-1.7281665228148324e+00
-1.499835746978481e+00
-1.203243109973694e+00
-5.755815109635561e-01
