-2.2286993310935946e-01
-4.3505140203388976e-01
-4.5351663609236165e-01
-4.83851899746098e-01
-3.6657842004470875e-01
-2.0695570608433644e-01
-3.137569254485475e-01
-9.031964695680932e-01
-1.6513372870763883e+00
-2.1851311621626714e+00
-2.3235873930719135e+00
-2.4339837435911114e+00
-2.8092340670893177e+00
-3.0391171193838162e+00
-2.991808942795913e+00
-2.6662854052326166e+00
-2.700574719961499e+00
-2.6309638198291347e+00
-2.3032863422025205e+00
-2.1008110176872e+00
-2.3631735823361066e+00
-2.8283373090634294e+00
-3.2426318702921026e+00
-3.5289910068089134e+00
-3.618228375536395e+00
-2.8893969046782284e+00
-2.077754961565869e+00
-1.376697182496274e+00
-1.2143966488718931e+00
-8.605701402382531e-01
-6.871318661557811e-01
-6.288234061185968e-01
-4.02500482799955e-01
-7.158570377466318e-01
-1.0859814497873446e+00
-1.3999417659354225e+00
-1.477444430152188e+00
-1.2935965314269566e+00
-1.5029281545304778e+00
-1.9021460551766087e+00
-2.6458963915570375e+00
-3.1239494983881375e+00
-3.7436156136828207e+00
-4.026462364054525e+00
-5.021686578033565e+00
-5.13210373477072e+00
-5.189742110164752e+00
-4.584314048558436e+00
-5.071142924321047e+00
-4.873016940653458e+00
-4.436855310031168e+00
-3.80443041810597e+00
-4.639422841145282e+00
-5.043206970634228e+00
-6.25344695979951e+00
-6.341151930975672e+00
-6.631669902422596e+00
-5.22407318689938e+00
-4.230047197731193e+00
-2.8843870853491493e+00
-2.4393069797160085e+00
-1.9893908151533735e+00
-1.878937084585219e+00
-1.5641633905030947e+00
-6.829730679295013e-01
-1.6270276889964315e+00
-2.8115851294069287e+00
-3.4123013117433936e+00
-3.688743561665481e+00
-3.574842834636256e+00
-4.036902411363211e+00
-4.073571740023373e+00
-4.498909001370548e+00
-5.288011540279156e+00
-6.684117414745521e+00
-7.20009723437171e+00
-7.985699699155465e+00
-7.799920511962195e+00
-8.282655312354516e+00
-7.646305795510301e+00
-7.6049393578139375e+00
-7.045655387192585e+00
-6.8078367947498775e+00
-6.411159371367007e+00
-7.295953672591182e+00
-8.846973293062096e+00
-1.10839082596057e+01
-1.0849395335526998e+01
-1.0313837197808473e+01
-8.7195983526161e+00
-8.06328792083095e+00
-6.117460018672668e+00
-4.745668440334539e+00
-3.9170673002955403e+00
-3.758647811732528e+00
-2.8947046797515976e+00
-9.537789941309003e-01
-2.343498921927622e+00
-3.7953531344226037e+00
-4.510431891063952e+00
-5.271670265690493e+00
-5.261049551403797e+00
-5.804510531370675e+00
-5.704092274357091e+00
-6.46983990201241e+00
-7.017734294154484e+00
-9.14313913701085e+00
-9.373155708939453e+00
-1.0255297655973116e+01
-9.653727907947761e+00
-1.0087462630578825e+01
-8.747771407870944e+00
-8.234133572153173e+00
-7.5745726844864185e+00
-7.3916066803490805e+00
-7.231119236624546e+00
-9.023335241495738e+00
-1.12155145113859e+01
-1.4049007757201265e+01
-1.3389781372018515e+01
-1.3301412978222595e+01
-1.1628964208797766e+01
-1.1129778402315582e+01
-8.416083117426215e+00
-7.243298982422196e+00
-6.084837672294643e+00
-5.615449954058832e+00
-4.119907149445434e+00
-1.2648007661844982e+00
-2.5226558264881045e+00
-3.3710153013956345e+00
-4.482493912928613e+00
-5.8466875314398195e+00
-6.677206774515786e+00
-7.379666805739627e+00
-7.853958385253922e+00
-9.133809583909338e+00
-9.953097234063694e+00
-1.1054362653779174e+01
-1.1303126784554667e+01
-1.220397944390633e+01
-1.1814551253859296e+01
-1.0544429020233826e+01
-8.608232012527862e+00
-6.99990062905368e+00
-6.380473879539065e+00
-5.847220968756051e+00
-6.714731989804865e+00
-9.190793050205015e+00
-1.1783265296360783e+01
-1.41819128585522e+01
-1.4647418164245384e+01
-1.4697455538730217e+01
-1.352040258840051e+01
-1.189136204537417e+01
-9.869931017379226e+00
-8.924445270789837e+00
-7.9842683219548025e+00
-6.813534966610131e+00
-5.112112813672173e+00
-1.0480613648579125e+00
-1.8146485533591301e+00
-2.734460745142632e+00
-4.141481693164679e+00
-6.092804558440265e+00
-7.479343750442894e+00
-9.483354162338818e+00
-1.0096577630422544e+01
-1.1780760689009169e+01
-1.1959371409701975e+01
-1.3131669332544702e+01
-1.2182785413101927e+01
-1.2854493068766303e+01
-1.1776888997335686e+01
-1.0066586181687203e+01
-6.63964994353851e+00
-4.807097139335485e+00
-3.9651450267288997e+00
-4.105157017102532e+00
-5.377981716354653e+00
-7.984286277599261e+00
-1.0255828123061772e+01
-1.284233628868149e+01
-1.286556053609332e+01
-1.3461696498508667e+01
-1.2455492016078914e+01
-1.1677008522242476e+01
-9.612722789934594e+00
-9.627677605136848e+00
-8.938164867080069e+00
-7.7881089255628515e+00
-5.5871038170127845e+00
-8.723218513185446e-01
-1.5536715299182589e+00
-2.5839826802185577e+00
-4.518270708455314e+00
-6.620659150998923e+00
-8.81767008743196e+00
-1.1474956267386261e+01
-1.2360913984147315e+01
-1.3309549381901691e+01
-1.3121337370251847e+01
-1.4406106313860906e+01
-1.3050889732690338e+01
-1.1881265118110036e+01
-9.64570724007589e+00
-7.244650603679864e+00
-3.9629366540776836e+00
-1.7766698915680832e+00
-1.319874358193681e+00
-1.8578415586008723e+00
-3.247317310748228e+00
-5.063115705285954e+00
-7.046555307958897e+00
-9.229830150578698e+00
-9.675257781596066e+00
-9.891201089141989e+00
-9.295006483994507e+00
-1.0158386253786666e+01
-9.778689808657331e+00
-9.54837029330341e+00
-8.36845738108963e+00
-7.70394573483839e+00
-5.795686422943119e+00
-8.37208702883624e-01
-1.8964131177669665e+00
-3.1284699844988118e+00
-4.8128604862399005e+00
-7.010734210761415e+00
-9.117815922161158e+00
-1.195910973886219e+01
-1.3020891686883092e+01
-1.3867362803483047e+01
-1.3072941294236932e+01
-1.4455212011667761e+01
-1.3003936037519845e+01
-1.1054403834830367e+01
-7.935431305017616e+00
-4.901764887886163e+00
-1.9632059970850844e+00
9.356343994829593e-02
5.443862895144657e-01
8.224880208198706e-01
-1.6701953766638317e-02
-6.868864172808998e-01
-2.398567553863063e+00
-3.972622823655005e+00
-5.367194214791222e+00
-5.796647305972043e+00
-6.214432842641166e+00
-7.808459016563494e+00
-8.269229158751315e+00
-8.124764886496854e+00
-7.256718594432926e+00
-6.910681247188032e+00
-5.323022583639837e+00
-1.2607175619947046e+00
-2.8164598810871273e+00
-3.7270410529285662e+00
-5.160653647919666e+00
-7.531360458177186e+00
-9.864775780191799e+00
-1.2298027680679157e+01
-1.3886440988007546e+01
-1.5354609859589042e+01
-1.4577481928800855e+01
-1.3978569903742898e+01
-1.2092247256435112e+01
-9.745214646059328e+00
-7.028073736075351e+00
-2.9136164473751602e+00
1.1903566460702251e-01
1.498001747938728e+00
1.2166752200146784e+00
1.5392276950087362e+00
1.7138953668348318e+00
1.48252079365096e+00
3.814000271031881e-01
-2.5161114278917246e-01
-1.2032680136212086e+00
-2.389780840166799e+00
-3.8389943524615484e+00
-5.225390220615326e+00
-6.323113228359242e+00
-7.169045258241e+00
-7.064856081301519e+00
-6.297099302023532e+00
-4.6955367522806615e+00
-1.387151639778968e+00
-2.599023067283662e+00
-3.7725570414629552e+00
-5.231653520708411e+00
-8.075238895125189e+00
-1.0188114272464881e+01
-1.3255450767862394e+01
-1.4522121580091484e+01
-1.715999121437384e+01
-1.627228505941757e+01
-1.5283425543886834e+01
-1.16421803162512e+01
-8.649657050275964e+00
-5.4493083380390495e+00
-1.7247331408118785e+00
1.402872084978305e+00
2.627376006446354e+00
1.191822117134051e+00
2.346820809309497e-01
-4.170851871318948e-01
-1.131617021186494e+00
-6.525963709858366e-01
1.8843882624676424e-02
5.191170741890783e-01
-1.270756358687617e-01
-1.8330794512915674e+00
-3.699291707571915e+00
-4.7403577867042e+00
-6.418277291836701e+00
-6.95486301876788e+00
-6.772490598992626e+00
-4.624963766183549e+00
-1.5814430749972064e+00
-2.847548788305877e+00
-4.414001868275906e+00
-6.650419090574058e+00
-9.274041332657125e+00
-1.1164982053687895e+01
-1.3956971978707829e+01
-1.5263467920692227e+01
-1.7122375972269747e+01
-1.5516962285627114e+01
-1.4545951834515588e+01
-1.0658666841701724e+01
-6.564305612656899e+00
-3.2614459314680952e+00
2.950646621535281e-01
2.2483666627824075e+00
2.048309545470859e+00
-5.723472183959945e-01
-2.837963444117085e+00
-4.581034847286199e+00
-4.717229778768273e+00
-2.4629006844133388e+00
-6.371990105910237e-01
9.163097114841108e-01
9.647823251162624e-01
-5.797403749694482e-01
-2.3581771926243227e+00
-3.66735754320054e+00
-5.598517582956888e+00
-6.328262344017948e+00
-6.672497104846365e+00
-4.711991399093113e+00
-1.607055085623046e+00
-3.2935709777800004e+00
-4.945642169513855e+00
-7.04944655533189e+00
-9.443099564597413e+00
-1.0785827915486497e+01
-1.3242951181968817e+01
-1.4059563459181264e+01
-1.5204642022838113e+01
-1.3440542108312513e+01
-1.283505309501911e+01
-9.403151011110456e+00
-5.681577295839562e+00
-1.723434531384122e+00
1.9329650261815992e+00
2.0153842754077425e+00
-1.8708792673180302e-01
-3.6282223812319003e+00
-6.408691502796216e+00
-6.334650431559981e+00
-5.689222552871954e+00
-3.072999382105036e+00
-1.185181941394802e+00
4.7620316254106826e-01
3.402460653699874e-01
-8.205592598749721e-01
-2.1324302375040936e+00
-3.594839046112827e+00
-5.512660165741479e+00
-6.511699039682128e+00
-6.702184557357753e+00
-4.559139931644488e+00
-1.9084131444438048e+00
-4.0863258814108026e+00
-5.371266847862502e+00
-7.291575168143511e+00
-9.751822973458005e+00
-1.163848329334602e+01
-1.3473783380659892e+01
-1.426678723770459e+01
-1.4878976894305632e+01
-1.3108229183631337e+01
-1.0968444556864673e+01
-8.023201608304984e+00
-4.417068319400189e+00
-7.266633327727777e-01
2.6321791597528623e+00
5.408102848928984e-01
-3.7356236207373823e+00
-7.6379584147971205e+00
-8.309327169698694e+00
-6.55531981479871e+00
-4.712262765862914e+00
-2.7801339902176876e+00
-1.735266372918326e+00
-1.1910051117671991e+00
-1.643502284911085e+00
-2.6459688315778482e+00
-3.646024150345123e+00
-4.650970408812831e+00
-6.291777019811766e+00
-6.746210481957074e+00
-5.776852902226294e+00
-3.831286681058112e+00
-1.861736117139141e+00
-3.9053518420934936e+00
-5.740390148255289e+00
-7.858813080570793e+00
-1.067942299901123e+01
-1.2596126812221003e+01
-1.5721541392170499e+01
-1.5856061969322703e+01
-1.654535367995123e+01
-1.3769139404243386e+01
-1.0919890504332939e+01
-6.375349639293835e+00
-2.745504301131247e+00
7.585591024178142e-01
2.5951232340574304e+00
-1.1164242214041218e+00
-5.903185931759282e+00
-8.222709183317273e+00
-7.537585158703515e+00
-5.167281062714207e+00
-3.6633709372807934e+00
-2.3181789226109686e+00
-2.696236164729591e+00
-3.145278363282836e+00
-4.5153028680390435e+00
-5.328759023052782e+00
-6.265466302841282e+00
-5.6649766917518765e+00
-6.102270818207657e+00
-5.657719872919438e+00
-4.524854598066551e+00
-2.6554117838782165e+00
-2.2004783527108716e+00
-4.545248877327336e+00
-6.787329216764384e+00
-9.67568639246772e+00
-1.2703139207369036e+01
-1.494705559716098e+01
-1.834231114812437e+01
-1.8131246737439813e+01
-1.7675542224442363e+01
-1.4008505707666668e+01
-1.0348168694556687e+01
-5.658321588350767e+00
-7.590929897651639e-01
1.7510439768775536e+00
1.7063257709260755e+00
-2.328084313951166e+00
-5.164409799903131e+00
-5.106173073841518e+00
-3.8080985176718163e+00
-1.9897968931741195e+00
-1.329468204811582e+00
-1.5742665702516851e+00
-3.0257461889658894e+00
-4.678353778282736e+00
-6.876560700458499e+00
-7.948199881426207e+00
-8.548943662907988e+00
-6.717787970817565e+00
-5.473718949257508e+00
-4.244960115142391e+00
-3.1470572585739927e+00
-1.908656653482891e+00
-2.575548927991471e+00
-5.284606338946338e+00
-7.870477471772042e+00
-1.0790986888995795e+01
-1.40935587792946e+01
-1.5286296727171157e+01
-1.871522562349436e+01
-1.8373178524662748e+01
-1.803150769086564e+01
-1.3610258125550791e+01
-9.630579780376031e+00
-4.366868978030156e+00
7.298546126479512e-02
1.6734269516382696e+00
1.2336441181108238e+00
-1.5072078457175118e+00
-1.5588107129739859e+00
-5.962556610102653e-01
-4.8768646180474134e-01
-3.711818268901042e-01
-4.9552904540350506e-01
-1.458807000916965e+00
-3.1696777727654126e+00
-5.419550038368295e+00
-7.907271877461648e+00
-8.780776396369498e+00
-9.465535480115388e+00
-7.696335388352476e+00
-6.521906982640876e+00
-4.800818067405157e+00
-3.291467450900173e+00
-1.8096012276463118e+00
-3.3261132522123575e+00
-6.697374965393076e+00
-8.789577521545105e+00
-1.1351631399269547e+01
-1.4502268642361829e+01
-1.558454726631695e+01
-1.752530190043289e+01
-1.7589988806740045e+01
-1.7089191902321435e+01
-1.3274374657515294e+01
-7.499530536068367e+00
-2.443157881552055e+00
9.27648455991716e-01
1.002456005861312e+00
2.6188155443539873e-01
-2.7429814903041524e-02
1.4199281474381997e+00
2.1156826684733154e+00
1.651089402459881e+00
9.684475899481684e-01
9.91456553431605e-04
-1.7023260189091203e+00
-3.522303824925407e+00
-6.282206360888626e+00
-8.79812947768969e+00
-9.14279037591607e+00
-9.386534298096983e+00
-8.465267288791276e+00
-7.696065614884129e+00
-6.220401082576556e+00
-3.8869991542997924e+00
-1.9092820937807466e+00
-3.4956798248190735e+00
-6.379842195692371e+00
-8.98469154363035e+00
-1.1431712194217567e+01
-1.5542414372822286e+01
-1.6769301251028537e+01
-1.8335290585933276e+01
-1.7291639365980476e+01
-1.6700952441178107e+01
-1.2155288420604224e+01
-6.582095193758808e+00
-8.389419792776299e-01
2.5160807061481805e+00
1.7581696355176815e+00
5.673024861283193e-01
5.090036608395203e-01
1.5800010933524617e+00
2.0640048374469004e+00
1.6396802865413773e+00
1.6023125777486293e+00
7.625156258238587e-01
-1.0690483918533538e+00
-3.7618215585059134e+00
-6.6089243212074535e+00
-9.572386372649508e+00
-9.828821091740556e+00
-1.0287305609768865e+01
-8.653153497275625e+00
-8.447558188384717e+00
-6.951752748129463e+00
-4.864198599324268e+00
-2.3267619132308432e+00
-3.6145680138391265e+00
-6.575354522760043e+00
-9.759224450889517e+00
-1.300895722990787e+01
-1.649180031883869e+01
-1.7038600341194407e+01
-1.905419769409646e+01
-1.7644554515183813e+01
-1.5602343806126123e+01
-1.059015780406906e+01
-4.450346191667505e+00
5.140002507917574e-01
3.5525578505549658e+00
2.0229784141592515e+00
5.747092976281756e-01
-2.6976518026382024e-01
-5.226569238272085e-01
-7.004357923269096e-01
-3.3965868633201796e-01
7.211747922941675e-01
1.167514464339367e+00
-6.102235784765269e-01
-3.583983930295032e+00
-6.7894298734118905e+00
-9.195487737646346e+00
-9.341725038734355e+00
-1.027400129211053e+01
-9.206785361247258e+00
-8.771576954935025e+00
-7.214443200889548e+00
-5.1932771991740845e+00
-2.656855140859552e+00
-3.5947232770797157e+00
-6.771170444341775e+00
-1.003525714705408e+01
-1.2750868887362795e+01
-1.5291227707290313e+01
-1.5244410883275707e+01
-1.8149741485147093e+01
-1.7181472636328873e+01
-1.5194409083059751e+01
-9.46523826049322e+00
-3.421392985272027e+00
1.0583212050530002e+00
3.2769127952489328e+00
1.0094551261861668e+00
-1.1819368394201546e+00
-2.7434246494564696e+00
-5.082879041095042e+00
-4.9284572226207475e+00
-3.2596252245854505e+00
3.401321990213763e-02
1.7732044902770894e+00
-1.0345058639524343e-01
-2.775682122544737e+00
-5.927895847172568e+00
-7.693670225052262e+00
-8.075255178271373e+00
-9.701450491334835e+00
-9.076669408832785e+00
-8.954971147591307e+00
-7.257262807633466e+00
-5.335601531326265e+00
-2.5841517080473944e+00
-3.934564802915709e+00
-7.546502086794215e+00
-1.0010786141524559e+01
-1.189133356820449e+01
-1.3984322704143366e+01
-1.4545805492915825e+01
-1.6275928741196903e+01
-1.5739666607209791e+01
-1.3846267977050864e+01
-9.080425930958e+00
-2.3578694987164344e+00
1.8362532116485186e+00
2.2607902092443477e+00
-1.0895012685353254e+00
-4.569093159355047e+00
-7.39031770597058e+00
-8.464196368466872e+00
-6.5102655092537e+00
-3.3746856012268047e+00
5.299514007716459e-01
2.156515117374239e+00
7.261852102327261e-03
-2.5101977421753707e+00
-5.099464165563378e+00
-7.155411041150939e+00
-8.076322204589198e+00
-9.164213032305154e+00
-9.085723667746606e+00
-9.25941725849144e+00
-7.691016768622321e+00
-4.958799503889577e+00
-2.257511391096282e+00
-3.5977285473136433e+00
-6.666061108715049e+00
-9.218183887365765e+00
-1.0389268638086781e+01
-1.265666696716587e+01
-1.325806658554834e+01
-1.4723070503789282e+01
-1.304632342173196e+01
-1.1464894237601095e+01
-7.0603688028346525e+00
-1.7375267709151423e+00
2.0535324192070568e+00
1.8395982628280492e+00
-1.735189571108029e+00
-5.4826949085707195e+00
-7.498686582509802e+00
-7.185074386508108e+00
-4.088701302067283e+00
-1.224469375240948e+00
1.4692707486797372e+00
2.4833539345910243e+00
3.6723009736228657e-01
-2.3044705703460466e+00
-4.897403133966433e+00
-7.255253867973786e+00
-8.481324359242713e+00
-9.744282180084621e+00
-9.163194989023935e+00
-9.752668612038335e+00
-7.892666014906731e+00
-5.096760772036025e+00
-2.0650954105968338e+00
-3.2878346500956326e+00
-6.119039907549221e+00
-8.408845962408794e+00
-9.996217877117592e+00
-1.1879099117899854e+01
-1.1647374265801938e+01
-1.2801985324173113e+01
-1.1084705095259563e+01
-8.955558302530697e+00
-5.754850910018936e+00
-1.069257585699896e+00
2.076084339216495e+00
2.205080687425935e+00
-5.98773775075565e-01
-3.0196165391434953e+00
-3.4000783852680274e+00
-2.3294588371090335e+00
3.304473812439781e-02
1.6707687029110223e+00
2.170360303712354e+00
1.8255761606255467e+00
-6.112205188170786e-01
-2.9931716404498583e+00
-5.6112069636495265e+00
-8.05990669944009e+00
-9.207130981279096e+00
-1.0951984497244272e+01
-1.0501372172523304e+01
-1.0477246259354057e+01
-8.018217292078146e+00
-4.944653262099224e+00
-2.0641677506070764e+00
-2.699875361468699e+00
-5.306002037634812e+00
-7.343892864336717e+00
-9.025646199689682e+00
-1.0179467427844493e+01
-9.46099932199951e+00
-1.0590587292314606e+01
-9.661640067759132e+00
-8.390954973497285e+00
-5.150095683646604e+00
-1.5019945786093176e+00
1.690064906119343e+00
2.748383716160807e+00
1.900257206455766e+00
1.1308820039220495e+00
8.727696970608306e-01
1.2622025582129335e+00
1.99494191450837e+00
2.2387920482651364e+00
1.1872011703885443e+00
-7.501384040882023e-02
-2.0554254226144466e+00
-4.33543721397938e+00
-6.4824417947687065e+00
-8.788887740519012e+00
-9.873884175351904e+00
-1.1998795037465305e+01
-1.115001947420768e+01
-1.0813492663698211e+01
-7.738024196460787e+00
-4.882673467219755e+00
-2.0529711621595883e+00
-2.7640557193233217e+00
-5.047643654207184e+00
-6.248999978925662e+00
-7.406938821997706e+00
-8.267810173779768e+00
-7.961695364370625e+00
-8.402287036388474e+00
-8.562212064106351e+00
-8.176129429598948e+00
-6.072959844712366e+00
-3.1051976573502778e+00
-8.690795541856646e-01
4.797349687179733e-01
1.4308519612652024e+00
2.33305786661507e+00
2.4235953250048574e+00
1.6833945263961374e+00
2.452913849992394e-01
-3.4867358910490925e-01
-1.7309105934628317e+00
-3.2877109135983864e+00
-5.22526030191236e+00
-7.126226585797703e+00
-8.539219046327478e+00
-1.0208391432583136e+01
-1.0976612983012297e+01
-1.1860141181214816e+01
-1.1179062737476027e+01
-1.0347461135824181e+01
-7.6657017652102635e+00
-4.382650586401603e+00
-2.0051357229896936e+00
-2.59753901268232e+00
-4.266273460081869e+00
-5.310525540757772e+00
-6.033856648622313e+00
-6.700261974626038e+00
-7.065933607255734e+00
-8.255999949190125e+00
-8.33496561861533e+00
-8.55669366291585e+00
-7.4217172656566435e+00
-6.635745637276931e+00
-5.239968230265806e+00
-4.607447318466945e+00
-2.5298936464807795e+00
-1.6723317460728881e+00
-1.1900039843239794e+00
-2.3357500492848713e+00
-3.5048213974874685e+00
-5.1776220879440915e+00
-6.008624168922861e+00
-7.781792052134491e+00
-8.335471843682864e+00
-1.0299246899526112e+01
-1.0246767201365516e+01
-1.1288602942477548e+01
-1.0696937552131937e+01
-1.0758938258534293e+01
-9.561990733150672e+00
-9.445867977196718e+00
-7.360888486974213e+00
-5.059590159267745e+00
-2.7534056118580996e+00
-2.9457484463453003e+00
-4.670896762559031e+00
-5.705542255917846e+00
-6.102260054067364e+00
-6.819820303981941e+00
-7.529756674498434e+00
-9.081005902128414e+00
-9.736995338827759e+00
-1.0561633459826638e+01
-1.095485742994237e+01
-1.1903908890067038e+01
-1.1762776017906354e+01
-1.1168793741085457e+01
-9.957064004910624e+00
-9.381366903337627e+00
-8.732820966751008e+00
-8.984372178012467e+00
-1.0257271424706888e+01
-1.173585399215062e+01
-1.1580428282175873e+01
-1.189206819304348e+01
-1.184224725859307e+01
-1.272878191009195e+01
-1.1681215021540739e+01
-1.0779016316059499e+01
-9.16780502944296e+00
-9.284368845267759e+00
-8.807398332130884e+00
-8.951305028657988e+00
-7.682851617618967e+00
-6.214338075894681e+00
-3.849936930168719e+00
-2.968142991774587e+00
-4.993230711702491e+00
-6.473745687417074e+00
-6.920640982527395e+00
-7.761138654231897e+00
-8.302488107491177e+00
-1.0225459831218213e+01
-1.1534545384934688e+01
-1.3292038610340605e+01
-1.417099240182409e+01
-1.647825802793456e+01
-1.5879714186694553e+01
-1.7023260299560892e+01
-1.6367343104881318e+01
-1.691965825400737e+01
-1.5018296258505176e+01
-1.5385300119457202e+01
-1.5288282657979739e+01
-1.594340323296352e+01
-1.3855111038801763e+01
-1.3647405474521621e+01
-1.2638993997149067e+01
-1.3239755003751043e+01
-1.129397612676169e+01
-9.831353219544315e+00
-8.216524384976722e+00
-8.53066465322372e+00
-8.277210814914236e+00
-8.373035195699952e+00
-7.53895714034883e+00
-6.656044363372339e+00
-4.344160191969641e+00
-3.088891459300236e+00
-5.38693067625285e+00
-6.6726579975703e+00
-7.297281095249741e+00
-7.881350222830735e+00
-8.683198017964175e+00
-1.0571664086666384e+01
-1.290170172314414e+01
-1.5048506229144126e+01
-1.5496927230498867e+01
-1.626618197948659e+01
-1.679742223360162e+01
-1.7954573922391763e+01
-1.823223626572022e+01
-1.7930485220482186e+01
-1.7078127864952265e+01
-1.704745601382047e+01
-1.664203208818304e+01
-1.5510409804010381e+01
-1.4227192360417511e+01
-1.3630990287668283e+01
-1.331968710341427e+01
-1.2435741529478543e+01
-1.0470690169669659e+01
-8.895975838294145e+00
-8.217337802644817e+00
-7.592486799903647e+00
-7.146493047197668e+00
-7.39814057579091e+00
-6.87297666139536e+00
-5.71012581241097e+00
-4.161371930617139e+00
-2.505933392764541e+00
-4.40034480411803e+00
-5.743125820485078e+00
-6.294370211453738e+00
-7.344443937060689e+00
-8.32512427795288e+00
-1.0358725092393465e+01
-1.170946643141253e+01
-1.3666321674309861e+01
-1.342896477218818e+01
-1.3344729971675955e+01
-1.3105940722274987e+01
-1.5123109143829074e+01
-1.5195609864397461e+01
-1.5716895250639345e+01
-1.4744925236856293e+01
-1.622530170985716e+01
-1.5433768956615511e+01
-1.4496944180751086e+01
-1.2961432212798934e+01
-1.3799330475485856e+01
-1.3187325403792585e+01
-1.2121628461015831e+01
-9.285539111207381e+00
-8.277176870476481e+00
-7.290949719155059e+00
-6.48361840576184e+00
-5.399697531136466e+00
-5.8676139748011185e+00
-5.740081704821393e+00
-5.09544641652023e+00
-3.783185919933279e+00
-1.7594013729766615e+00
-3.0741228194846495e+00
-4.355476431498011e+00
-5.381103753019418e+00
-6.457879565426437e+00
-7.360501190838791e+00
-8.976945988018704e+00
-9.496069729440627e+00
-9.734074159694675e+00
-8.569065158244753e+00
-9.135057566723434e+00
-9.886985739258307e+00
-1.1375554938287761e+01
-1.1277488470548322e+01
-1.2648086850298712e+01
-1.2844498929655709e+01
-1.3212045627408187e+01
-1.1934101848055672e+01
-1.2691490651576682e+01
-1.2381359311330197e+01
-1.2324746224642917e+01
-1.10240723693414e+01
-1.0368485072620224e+01
-8.50426866067689e+00
-6.737044509548438e+00
-5.344184517066192e+00
-4.413345944251457e+00
-3.5818467440501762e+00
-3.630428924609033e+00
-3.7424700071535195e+00
-3.978330859537402e+00
-3.067828835805177e+00
-7.369651374626653e-01
-1.6557073470713168e+00
-2.568201912099629e+00
-3.5230256127708337e+00
-3.9629188453192716e+00
-4.282415370497848e+00
-5.204498037453305e+00
-5.2677123196906e+00
-4.882238207137108e+00
-4.25797856935038e+00
-5.022964023464511e+00
-5.900073948595727e+00
-6.702205709670427e+00
-6.659440420483868e+00
-7.7306401131722975e+00
-7.527848039445202e+00
-7.512921365869138e+00
-6.902243732033106e+00
-8.208051282802291e+00
-8.135596910153842e+00
-8.038221428487823e+00
-6.807993980389202e+00
-6.6169232530696585e+00
-5.399183435813057e+00
-4.055253695603203e+00
-2.9024887171140725e+00
-2.167100550305506e+00
-1.7023021432290975e+00
-1.6794876477302494e+00
-2.013379846410045e+00
-2.2848832586157277e+00
-1.7492475338142162e+00
