-4.9402843803893876e-01
-9.218243706646323e-01
-9.587566498273808e-01
-1.2572132638629938e+00
-1.592898695819151e+00
-2.046069264154187e+00
-2.4813566210587066e+00
-2.96366624591781e+00
-3.2273885083541205e+00
-3.239486079399022e+00
-2.889747566974976e+00
-2.574643588242334e+00
-2.349632906459418e+00
-2.654359514676285e+00
-2.874612204968038e+00
-3.230649098382609e+00
-3.5322522250295205e+00
-3.950275133302826e+00
-3.8353863380082798e+00
-3.387548870399443e+00
-3.0415704107328834e+00
-2.526701987044523e+00
-1.9099750963754714e+00
-1.905907458691152e+00
-2.51490219046405e+00
-2.779210233914847e+00
-2.667840038816057e+00
-2.5627109539907327e+00
-2.8120849101982124e+00
-2.5360674663590017e+00
-2.2436706203092824e+00
-1.7578959526428126e+00
-8.605053912101103e-01
-1.3973331596308187e+00
-1.553792705513023e+00
-2.2822133805478098e+00
-3.167169594380894e+00
-3.4830108238847397e+00
-3.693942886138756e+00
-3.5997985412814404e+00
-3.9924035623455416e+00
-4.204522531394663e+00
-3.9941520491043705e+00
-3.739587388851747e+00
-4.338258817218273e+00
-4.9469859393237625e+00
-5.33824703589645e+00
-5.8010437779136526e+00
-6.435955504065023e+00
-6.155848699578816e+00
-5.887668152413374e+00
-5.630315039204288e+00
-5.925610049341652e+00
-5.157428463164239e+00
-4.721090955847637e+00
-4.074697263155121e+00
-4.688750410523186e+00
-5.0362827760857956e+00
-5.206578143196658e+00
-4.284560923762962e+00
-4.4146432472926e+00
-3.9746052782832195e+00
-3.530405401469793e+00
-2.6107456407059297e+00
-1.299766531209057e+00
-2.352547492751812e+00
-3.4768924808368324e+00
-4.5472584451464995e+00
-5.4683951679025355e+00
-5.289305803395412e+00
-5.201161433784562e+00
-4.554553573613185e+00
-4.8315138548241405e+00
-4.78535694978017e+00
-4.999684411007378e+00
-4.959086863646744e+00
-5.482222651118418e+00
-6.126166302943486e+00
-7.994196480896819e+00
-9.153279980588412e+00
-1.0142774234737187e+01
-9.597181372116397e+00
-1.03175406839272e+01
-1.0050021522801739e+01
-1.0099451254471182e+01
-9.209083090699444e+00
-9.031018185470556e+00
-7.93058690730296e+00
-8.098905080634637e+00
-8.838789566749963e+00
-8.859376302677495e+00
-7.2566887085154415e+00
-6.538556852813212e+00
-5.690741143472216e+00
-5.586361231108774e+00
-4.3664608834282275e+00
-1.7497022834410119e+00
-3.3518612942603925e+00
-4.986108080818927e+00
-6.067399455352949e+00
-6.866560353902675e+00
-5.961024539041125e+00
-5.703506323501983e+00
-4.596778706655816e+00
-4.392446582860913e+00
-3.966180559332325e+00
-3.9948091749601526e+00
-3.2573090874865085e+00
-3.116544432656017e+00
-4.093976581477601e+00
-6.291559194243698e+00
-8.301275332619431e+00
-9.720896049203553e+00
-1.0140620547003211e+01
-1.1202602469512595e+01
-1.1112019246206868e+01
-1.206104646828382e+01
-1.1256787220578365e+01
-1.2012797271802983e+01
-1.1159752269550214e+01
-1.2076835853044425e+01
-1.1907024772635179e+01
-1.2496585650886768e+01
-1.0234319571987852e+01
-9.540245263101173e+00
-8.149125691762867e+00
-8.018388153081652e+00
-5.96918406689674e+00
-2.232419725508326e+00
-4.095352598649525e+00
-5.323209338359795e+00
-6.282471325715992e+00
-6.857974476168609e+00
-6.596398198464104e+00
-6.264896352389587e+00
-4.770686082936958e+00
-3.949239070140951e+00
-3.0155447052911732e+00
-1.540009239599021e+00
2.372627800214423e-01
5.176462866702766e-01
-7.71435307861441e-01
-2.6023138285841405e+00
-4.7746599220370385e+00
-6.690333266808126e+00
-8.17122872074791e+00
-9.127270659618915e+00
-1.1132813045480741e+01
-1.3498332564977382e+01
-1.4749905556947068e+01
-1.6130001025824143e+01
-1.6746790482256422e+01
-1.7658605405293837e+01
-1.751017029333153e+01
-1.665823329635359e+01
-1.4794156551862793e+01
-1.3305119576950707e+01
-1.165006874312111e+01
-9.716538109721986e+00
-6.5327989314150985e+00
-2.011453599544951e+00
-3.52460554715876e+00
-4.749476536060187e+00
-5.628492344554105e+00
-6.474455236534084e+00
-6.747903391626101e+00
-7.019551843395596e+00
-5.259340719031052e+00
-3.8262041561928e+00
-1.6482694361682215e+00
2.6778990490927473e-01
2.1042729287671063e+00
2.4865625480367206e+00
1.3963495446405356e+00
5.485024694706149e-01
-5.565510622438953e-01
-1.8936227200587183e+00
-5.087431173043783e+00
-8.82414240174857e+00
-1.304444571017285e+01
-1.714864980500896e+01
-1.9518414722850665e+01
-2.3254048132005114e+01
-2.308164951211054e+01
-2.4889011608805404e+01
-2.2947554348745427e+01
-2.226269561002272e+01
-1.8530936150713192e+01
-1.6718074989019243e+01
-1.310131143429101e+01
-9.533242129708213e+00
-5.097995986364786e+00
-1.5543689993134766e+00
-2.922214029181275e+00
-4.023824790988993e+00
-4.979687147922539e+00
-5.620937130077213e+00
-5.601726228161722e+00
-6.3846113991513045e+00
-5.387570893682312e+00
-3.96585045892182e+00
-1.7132859449968332e+00
-4.190589438089465e-01
2.3737865026398047e-01
8.371391189443896e-01
8.371350263260541e-01
2.4112477622485113e+00
2.393065721446847e+00
1.3331480458007208e+00
-3.5512541794579824e+00
-9.131438487001395e+00
-1.5846478095846743e+01
-2.1823137045314187e+01
-2.578209835091723e+01
-3.15854756162259e+01
-3.231194604641855e+01
-3.2321136869456495e+01
-2.8189544111586663e+01
-2.673380955251824e+01
-2.2044110634408156e+01
-1.7187041247626514e+01
-1.1471990568225747e+01
-6.79515884388039e+00
-3.4777567465928727e+00
-1.2595843120473904e+00
-2.5901822332441586e+00
-3.327813287361538e+00
-4.035495902683557e+00
-4.209923014892835e+00
-4.346036035940867e+00
-5.409056734499385e+00
-5.436141021105758e+00
-5.2562185325415545e+00
-3.771989488353152e+00
-3.642592852556077e+00
-2.9474835520205693e+00
-2.2068202749524235e+00
-5.554150230525757e-01
2.3653182862330695e+00
3.0742870298158826e+00
1.5404498535916593e+00
-3.8568516098977237e+00
-8.970183266243707e+00
-1.5639436341654237e+01
-2.2851470071008567e+01
-2.7509248853309686e+01
-3.4530363048486244e+01
-3.4858320687857095e+01
-3.456021198715056e+01
-2.8464965423430616e+01
-2.6804372170062305e+01
-2.0967657223073033e+01
-1.5740657798748478e+01
-9.44180114026153e+00
-5.051574069934305e+00
-2.4778906757533323e+00
-1.6838052046685605e+00
-2.955828777106955e+00
-3.1154171432855695e+00
-3.2762842556357428e+00
-3.9066614121038854e+00
-4.881856003893443e+00
-5.7190758125130765e+00
-6.782648196208585e+00
-8.10770617000291e+00
-7.7959336432353865e+00
-7.48182551033501e+00
-6.211492409345878e+00
-4.488513072311588e+00
-1.7865883229192883e+00
1.933709241283832e+00
3.794111903757079e+00
1.6076779264120933e+00
-4.466185562128325e+00
-9.46846901558064e+00
-1.6753568097873373e+01
-2.3816588258581152e+01
-2.8411830417367977e+01
-3.2178612598023456e+01
-3.240385428070919e+01
-3.101739732001835e+01
-2.570219911275221e+01
-2.1498181499075905e+01
-1.7161357736924653e+01
-1.2500900181528275e+01
-8.604550698379091e+00
-4.218827032200645e+00
-1.644863797675897e+00
-1.7843193458074527e+00
-2.731185695961349e+00
-3.022875192334191e+00
-3.261540625225076e+00
-4.631561772945703e+00
-5.912687536050805e+00
-7.7085042403056026e+00
-8.672881207880142e+00
-1.108665026508004e+01
-1.1114340248871798e+01
-1.1162580170977924e+01
-9.265582156570146e+00
-7.524127013919902e+00
-3.884475292266187e+00
6.219512032877089e-01
3.8551911736851383e+00
2.8608412416109297e+00
-3.055968365188008e+00
-9.258307811072273e+00
-1.6452861136118297e+01
-2.3070770231828867e+01
-2.5473964233058954e+01
-2.7883164116914983e+01
-2.678638947825393e+01
-2.584910265196083e+01
-2.147675415529492e+01
-1.7590924935995712e+01
-1.2981054247105227e+01
-9.65769803734586e+00
-7.402930767358308e+00
-5.0190237838020435e+00
-2.048427915879737e+00
-2.173490857312542e+00
-3.241641577805026e+00
-3.750729564929163e+00
-4.426093389299803e+00
-5.649443647366489e+00
-7.193217304264021e+00
-9.50029069191645e+00
-1.1617749348602334e+01
-1.4164803870955303e+01
-1.3652529557477946e+01
-1.375443116823201e+01
-1.18488191378561e+01
-1.000339328918868e+01
-5.895972254350674e+00
-7.111439105779529e-01
2.8493742037368204e+00
2.6497706466728794e+00
-3.5905047975739985e+00
-9.412892672951783e+00
-1.556764790848145e+01
-2.0426944880177675e+01
-2.003440179903254e+01
-2.0965736054195656e+01
-1.9434135002438857e+01
-1.851437513610563e+01
-1.4463854947951388e+01
-1.2204808740294798e+01
-9.37240773036876e+00
-8.03863208523584e+00
-7.669240708658919e+00
-6.187537952930566e+00
-3.5302640383084074e+00
-2.3469715194427807e+00
-3.8472575846221635e+00
-4.981459304874901e+00
-5.8379330681512736e+00
-7.004268647580667e+00
-8.283148278345193e+00
-1.091493278754446e+01
-1.3546335125094723e+01
-1.5666925623768522e+01
-1.4668981482105517e+01
-1.521060290326257e+01
-1.2868815686765204e+01
-1.0802045163371881e+01
-6.680819389988722e+00
-1.8835723810099607e+00
2.102587548249595e+00
2.367966808745418e+00
-3.110596003474292e+00
-7.866748046583597e+00
-1.2086007415321058e+01
-1.3779784103140845e+01
-1.2582584507665596e+01
-1.3241155202441467e+01
-1.2433861148943341e+01
-1.1661486194820279e+01
-8.787649404367327e+00
-7.7114865603219975e+00
-7.14962175639017e+00
-8.015425719825926e+00
-8.313071470649385e+00
-7.950457194100081e+00
-5.032249914985711e+00
-2.5864359139905533e+00
-4.705770970221813e+00
-6.1734729042395164e+00
-7.253794730079877e+00
-8.641370910672464e+00
-1.0167700687916918e+01
-1.2396085372915888e+01
-1.4607116282659705e+01
-1.6419210866157187e+01
-1.566154552001369e+01
-1.4725683802592998e+01
-1.1984728774607575e+01
-8.505935071588599e+00
-5.266126372671016e+00
-1.0331340860758678e+00
2.5093611198021595e+00
2.7183351205721475e+00
-1.1792271158642291e+00
-3.8457708188628414e+00
-5.32085530247761e+00
-6.34752044993666e+00
-6.900621257708129e+00
-7.063765115705126e+00
-6.8896687294594505e+00
-5.9461960745480456e+00
-4.568539865503063e+00
-4.66752848359616e+00
-6.058299280199576e+00
-7.681438594651659e+00
-8.391658020807352e+00
-7.406836683877894e+00
-4.969673679299689e+00
-2.534556931777035e+00
-4.7066033411735795e+00
-6.631274470073212e+00
-7.4279733221644495e+00
-8.962794122730685e+00
-1.021935377273061e+01
-1.2645303789366114e+01
-1.3831645282148342e+01
-1.5691166163556561e+01
-1.4580727964918609e+01
-1.262769406960908e+01
-8.90499965729029e+00
-5.112024202742395e+00
-2.0151444050578626e+00
4.9700053382769815e-01
2.6963479900682255e+00
3.6562153426471378e+00
1.9925588593487225e+00
1.1077698787353694e+00
3.422569845117177e-01
-6.14938619151114e-01
-2.147226081419676e+00
-2.854912307935688e+00
-2.9602643335639214e+00
-2.2003829956493255e+00
-2.116517813659248e+00
-3.169053034481079e+00
-4.80512919698236e+00
-6.273660096629175e+00
-7.102602914420855e+00
-6.342434269249122e+00
-3.9691724121060585e+00
-2.606176569030545e+00
-4.808285013251938e+00
-6.569362818020036e+00
-7.3831219974060005e+00
-8.267158066317498e+00
-9.070751471508974e+00
-1.1799660622538545e+01
-1.2800723457733865e+01
-1.2982286955471174e+01
-1.0353982522305172e+01
-8.326816884690398e+00
-4.91592086603985e+00
-1.7347071189055596e+00
4.52835195985323e-02
1.5562062929858507e+00
2.1426151345292173e+00
2.8752972902711713e+00
1.914112792320502e+00
1.641577260814649e+00
1.2160249903670295e+00
1.4118686659740447e+00
1.6493708658383688e+00
1.464554378327359e+00
1.233801710772334e+00
5.815096716855955e-01
-3.512303306727755e-01
-1.4661494198921052e+00
-2.8557342257280007e+00
-5.050669555845598e+00
-5.9256050605801684e+00
-5.708390439848555e+00
-3.761799665841768e+00
-2.3471848314125427e+00
-4.203387244095107e+00
-5.35856423127861e+00
-5.965424828381947e+00
-6.632329406131918e+00
-7.090760093398314e+00
-9.17569561798012e+00
-9.574054039456085e+00
-8.56014198275977e+00
-5.976142597186333e+00
-3.9229993959343643e+00
-1.510108779730109e+00
1.0108883318909227e-01
8.381312206535554e-01
1.9739065509098381e+00
1.8370428640048946e+00
1.3415503611674287e+00
-1.5106502049469187e-01
-1.3949545967839165e+00
-1.2302245045851246e+00
-1.2204793918881351e-01
1.5721701428343173e+00
2.778916190423006e+00
2.5973351198872376e+00
1.5977959780785842e+00
6.943683608895763e-01
3.690352875227441e-01
-1.6009369905098616e+00
-4.305811720323007e+00
-5.865531756454532e+00
-6.256444534294733e+00
-3.961394928987623e+00
-2.2670743403381093e+00
-3.632276942645845e+00
-4.082046923274644e+00
-4.297885990199054e+00
-5.330897846640617e+00
-6.167268310480746e+00
-6.595564857992541e+00
-5.918358128601576e+00
-4.712477722744812e+00
-2.7188209927695675e+00
-2.5900761535103733e-01
1.2961520198198293e+00
1.6235858325375614e+00
1.1498648450943234e+00
1.0226910298513743e+00
1.6167321276121427e-01
-9.293535543119015e-01
-1.5889330579002912e+00
-2.3579882291877157e+00
-2.3101295120359358e+00
-1.5866105608613812e+00
-3.686326911751423e-01
1.130749751123947e+00
1.3889950961964568e+00
1.488270247690264e+00
1.9441728297708831e+00
1.2987162259599019e+00
-1.4986172712588515e+00
-4.552087553820287e+00
-6.194189949138567e+00
-5.86845042199185e+00
-3.2260877943720687e+00
-1.938960529582779e+00
-3.0854994624189516e+00
-3.6452353600584284e+00
-3.9359034784815035e+00
-5.333704990417546e+00
-5.798211625169691e+00
-5.177051821213102e+00
-3.4971984527157436e+00
-1.8407082157933417e+00
8.432004369968586e-02
1.7775975620551077e+00
2.596784743205305e+00
2.4285319035194557e+00
5.131040366153585e-01
-1.0726582922954546e+00
-2.626755954909234e+00
-3.2280967956247344e+00
-1.8807329379370772e+00
-2.2269955736132037e+00
-2.717990686243921e+00
-3.9458015729138243e+00
-3.520940251475503e+00
-1.3966407439157158e+00
3.841809752607362e-01
2.001312774735579e+00
2.9000606621218528e+00
1.5454746122044989e+00
-1.7250369024433412e+00
-5.237213759175219e+00
-6.714279402643528e+00
-6.1686363555406585e+00
-2.888332935472639e+00
-2.2150158609030486e+00
-3.4413884291077093e+00
-4.2125736430901135e+00
-4.495972159884647e+00
-5.154433586843508e+00
-4.878317383488076e+00
-3.775106074076294e+00
-1.9053108242333592e+00
1.9223422966642767e-01
1.6469118362409505e+00
2.783713598695973e+00
2.921692648726216e+00
1.7225317377956526e+00
-1.3247270976946195e+00
-4.1192368291411245e+00
-4.739778268927259e+00
-3.490897447416027e+00
-1.0231199610971584e+00
-1.747651549942789e+00
-2.7912184220962377e+00
-4.255737922689343e+00
-3.309468105464642e+00
-1.014549230348219e+00
1.3959036575139234e+00
2.982625062830976e+00
2.3764322596476752e+00
3.924577333515519e-01
-2.6411926520291176e+00
-5.369894092806029e+00
-6.249135498457861e+00
-6.693101144751115e+00
-4.030828020615428e+00
-2.386405199664668e+00
-3.75517451778081e+00
-4.853003189713804e+00
-4.979312566406046e+00
-5.267830211667743e+00
-4.239859499044013e+00
-2.7213555670200194e+00
-1.1478961473793416e+00
7.990868780458771e-01
1.7925575023711406e+00
2.637403917713484e+00
1.9338617553750685e+00
6.862490059398973e-02
-3.2993068716379153e+00
-5.093356534435643e+00
-3.7201083896427467e+00
-1.6137667031773235e+00
-1.6492176640478415e-01
-1.1942277010774869e+00
-1.4582087764779026e+00
-2.0507552829185256e+00
-1.2113801130918782e+00
8.603932805137204e-01
2.3335965865576105e+00
2.3472676629909253e+00
5.127600384566025e-01
-1.4664035856422923e+00
-3.7245771199444184e+00
-5.941310627379831e+00
-6.7395511025900205e+00
-7.684374179668547e+00
-5.12498404922048e+00
-2.5814081701406058e+00
-4.377831804183014e+00
-5.681341766549559e+00
-6.057574946951712e+00
-6.340548985160344e+00
-5.19967231952698e+00
-3.0870039845427626e+00
-7.893441744415693e-01
8.843230871123741e-01
1.6155328223456455e+00
1.72009622805488e+00
3.852875341180579e-01
-1.5199405711130392e+00
-3.12878802479594e+00
-3.1893967944430672e+00
-1.9618394842923903e+00
-3.2066225587823916e-01
6.88808294916169e-02
-3.6990215467747406e-01
8.457508780293269e-02
4.692296709461006e-01
1.2084595575201047e+00
2.4719389184047933e+00
2.3915163456766284e+00
1.070092092197895e+00
-1.1623911059897547e+00
-3.2303405357785904e+00
-5.185990007575476e+00
-7.004967456817341e+00
-7.572600209677453e+00
-7.3487273868135174e+00
-4.987341157409017e+00
-2.509794710410605e+00
-4.465999374087041e+00
-6.222812998506615e+00
-6.487491621416361e+00
-7.318044692985271e+00
-6.306271093768239e+00
-4.31454191448743e+00
-1.1234979922583566e+00
1.137116543246377e+00
1.9451569902477035e+00
1.8221059351956115e+00
2.9024491842317734e-01
-8.054118595522206e-01
-1.3053611176294149e+00
-9.436611908200115e-01
-4.309767669578206e-01
7.246887354453716e-01
1.1648976019370822e+00
1.2990364411764341e+00
1.4816062551197948e+00
2.220844294259234e+00
2.4742315279752414e+00
2.0950827396392366e+00
7.776523273385634e-01
-5.297091419156748e-01
-2.272500500434033e+00
-4.21356222930005e+00
-5.593392922060344e+00
-7.761798591042721e+00
-7.974756251249056e+00
-6.569977068688139e+00
-3.9489924126718297e+00
-2.544857577360203e+00
-4.689726227669773e+00
-6.6450537263667915e+00
-7.331027762372931e+00
-8.260680785796819e+00
-7.273778306350544e+00
-5.64288987234006e+00
-2.2968622191616723e+00
8.100061401390459e-01
1.8896368073745704e+00
2.3931440672588233e+00
1.8070142243483382e+00
1.0593973235812908e+00
8.766947229984955e-01
8.237715318978316e-01
8.327936827133064e-01
1.4861480110412506e+00
1.929073472859948e+00
2.4274813417241305e+00
2.3182833079743626e+00
2.1589814292560883e+00
1.000752966690106e+00
-9.74405985004229e-02
-1.7289786960898774e+00
-2.7289907648327754e+00
-3.883389261365008e+00
-4.706826256347015e+00
-5.328921288637171e+00
-7.012479762879094e+00
-6.611165415915417e+00
-5.6220394877258e+00
-3.7079038858608646e+00
-2.173991853721753e+00
-4.255672869542337e+00
-6.208401421712619e+00
-7.422323937098228e+00
-8.325046805062385e+00
-7.398810700479881e+00
-6.171314988509505e+00
-3.084019841192734e+00
-4.523949783114709e-01
1.1513895732078776e+00
2.2965056877907313e+00
2.7204757094792176e+00
2.233300818165859e+00
2.0034317983791348e+00
1.685591275447416e+00
1.5192675628486303e+00
1.6341050402815627e+00
1.640966818850793e+00
1.711810907420041e+00
1.0180792018385196e+00
-6.718356376454897e-02
-1.6587154710085468e+00
-2.9599432312905267e+00
-3.767105902695744e+00
-4.699935326731953e+00
-5.228841479580922e+00
-5.964490113694565e+00
-5.670941056648941e+00
-6.671781950648331e+00
-6.192112261938968e+00
-5.552929679667007e+00
-3.5672487466080285e+00
-2.0915630862811985e+00
-3.7536481144735774e+00
-4.987806266265736e+00
-6.325571290387508e+00
-7.566194842950504e+00
-6.8055200180236035e+00
-5.484526279842997e+00
-3.8359037717357216e+00
-2.604253379671805e+00
-1.571131592552397e+00
-2.2652698229889612e-01
4.731460249502261e-01
6.359989881730834e-01
7.112787277739145e-01
9.759325363053319e-01
8.247704961303093e-01
6.70834798923644e-01
-1.6723062445738818e-01
-6.194168714095936e-01
-1.8385474539322797e+00
-3.4575387446794035e+00
-5.1364362550274505e+00
-6.130425396080603e+00
-6.7147998261040165e+00
-7.551642813405109e+00
-7.39494440237763e+00
-7.075428671393093e+00
-6.352056168200401e+00
-6.368295007843122e+00
-5.709869826135896e+00
-4.453496575782359e+00
-2.7209514777436405e+00
-1.5998740592002436e+00
-2.7234480961302068e+00
-3.5848711023342967e+00
-4.749466467669543e+00
-5.868899667892111e+00
-6.086258994806663e+00
-6.371200453487908e+00
-6.00159400095853e+00
-6.137746864287112e+00
-5.3564180184260755e+00
-5.138234327561181e+00
-3.947726587753581e+00
-3.884657504035689e+00
-2.8852503828722265e+00
-2.6594982292480274e+00
-2.1904565358310135e+00
-2.7219788031277274e+00
-3.1316448148716547e+00
-4.420498280779634e+00
-5.544989528570688e+00
-7.377023663955222e+00
-7.9105540317022855e+00
-8.985762693866397e+00
-9.656194934160553e+00
-1.0683757401029917e+01
-9.00172993462672e+00
-7.696891477785331e+00
-6.073971338587129e+00
-5.440350245620023e+00
-4.457994865911849e+00
-3.05011022471928e+00
-1.6539321424436955e+00
-1.4923897155830148e+00
-2.373907044717069e+00
-2.8125238140986566e+00
-3.6762576407909595e+00
-4.974895526670483e+00
-6.5401091874818995e+00
-8.794591197398372e+00
-1.0046665233069453e+01
-1.1078893158667567e+01
-1.1929713504834456e+01
-1.3270783298059827e+01
-1.2756018839901857e+01
-1.2410199066833922e+01
-1.1485516908830089e+01
-1.0869933982113118e+01
-1.0008682169831934e+01
-9.45705491873813e+00
-9.44733500284565e+00
-1.059760911549089e+01
-1.1238634733928645e+01
-1.2031653555194419e+01
-1.2170254624072905e+01
-1.3378210462326246e+01
-1.3070770083168153e+01
-1.2033540561799557e+01
-9.205187140433976e+00
-7.637583257521571e+00
-5.758469834979798e+00
-4.737427806504243e+00
-3.4557469493097774e+00
-2.3906873828455337e+00
-1.7434001354084079e+00
-1.3393030776738926e+00
-2.411762347848778e+00
-3.120481813660601e+00
-4.126946835610212e+00
-5.912109736463287e+00
-7.584211817226196e+00
-1.058425048358659e+01
-1.2382527502836565e+01
-1.4822156492236811e+01
-1.5816693423423015e+01
-1.8936134392779042e+01
-1.8167352338894574e+01
-1.9351709882496976e+01
-1.755721715781753e+01
-1.721385177439854e+01
-1.4520147864623056e+01
-1.3704560546685453e+01
-1.3313324425561158e+01
-1.4188506388032836e+01
-1.3028860444441813e+01
-1.4046397178166737e+01
-1.383160405820333e+01
-1.550939727556269e+01
-1.3818311445902708e+01
-1.2537115913032826e+01
-9.818742571239017e+00
-8.753274289494492e+00
-6.772478883922387e+00
-5.76876270388012e+00
-4.281911099224718e+00
-3.432238182935324e+00
-2.6093076723573034e+00
-1.5637889184355747e+00
-3.120279322817844e+00
-3.9902574593794364e+00
-5.3208862939979555e+00
-6.95511048871599e+00
-8.818992896101474e+00
-1.1274204123908873e+01
-1.3936590339009848e+01
-1.655331585471795e+01
-1.7602499742712116e+01
-1.92939892632281e+01
-1.9869275220028886e+01
-2.0200859266619574e+01
-1.8963822114833736e+01
-1.704908118978089e+01
-1.4196505801619526e+01
-1.2631760736230776e+01
-1.2381846790945684e+01
-1.2094294708028864e+01
-1.2418496502447569e+01
-1.385386165042932e+01
-1.4832949642190625e+01
-1.501173485822485e+01
-1.391292338319886e+01
-1.25079172060255e+01
-1.088929805829298e+01
-9.461600309822447e+00
-7.922242267242311e+00
-6.785604311606689e+00
-5.520254840480477e+00
-3.9141481354834613e+00
-2.960039058499976e+00
-1.4241697967842482e+00
-2.910757274040278e+00
-4.3615711002699316e+00
-5.5106585217509405e+00
-7.254995210323297e+00
-8.99988164397301e+00
-1.1458983119466877e+01
-1.362911305192925e+01
-1.6723556207018728e+01
-1.746583064224795e+01
-1.8612964444794518e+01
-1.7922895224199053e+01
-1.9340599192966902e+01
-1.7863196460379633e+01
-1.5412794413079093e+01
-1.155800744095766e+01
-1.0476970677015993e+01
-9.544825650455342e+00
-8.803424386100058e+00
-9.215695017614777e+00
-1.1353842081671282e+01
-1.212710340887e+01
-1.2349944524514418e+01
-1.1239814539410194e+01
-1.084487703757824e+01
-9.551739406557704e+00
-8.3859665854381e+00
-6.599456856476807e+00
-6.013410928512974e+00
-4.810952196125469e+00
-3.21996803351347e+00
-2.2597973866649563e+00
-1.3101310570664138e+00
-2.5070726121868296e+00
-3.956401824305599e+00
-5.219264915504457e+00
-6.6294421137474755e+00
-8.15795320747769e+00
-1.0895463912656075e+01
-1.301695831830684e+01
-1.5145247117151197e+01
-1.483325068855911e+01
-1.600095280046128e+01
-1.5988632920475636e+01
-1.6875690876848708e+01
-1.4858377271357021e+01
-1.3344335431703017e+01
-1.0192204787079001e+01
-7.771744354544225e+00
-6.197145603807713e+00
-5.969660871837716e+00
-6.256353271054794e+00
-7.132466719925683e+00
-7.250018765050129e+00
-8.141283857177578e+00
-7.863208081858446e+00
-7.2847556558196125e+00
-6.026309389739155e+00
-5.531644434985665e+00
-4.613630067192901e+00
-4.143313106859593e+00
-2.7767190290559056e+00
-1.8047699065542064e+00
-1.2779530345949839e+00
-7.758706580021085e-01
-1.4679100171817534e+00
-2.32445315856077e+00
-3.1879742723920987e+00
-3.8285087864842304e+00
-4.841481063879723e+00
-7.06052728358829e+00
-8.606302579988393e+00
-9.61678283810083e+00
-9.15939089629686e+00
-1.0581133512144168e+01
-1.0633453545153824e+01
-1.1148074845946043e+01
-9.094902542860247e+00
-8.855016197040205e+00
-6.269889985274982e+00
-4.842327931981324e+00
-3.4232718849527597e+00
-2.981653902449966e+00
-3.070678496643833e+00
-3.3942021887831615e+00
-3.7123927342046996e+00
-4.157185584410234e+00
-4.133847402606421e+00
-3.5078634079924083e+00
-2.792211786752368e+00
-2.5397024137851814e+00
-2.359864037212048e+00
-1.933794922780881e+00
-1.0806542596632442e+00
-7.488372419295188e-01
-6.715866698576305e-01
