-2.354067423967628e-01
-5.366247830541991e-01
-6.491146608515562e-01
-9.610863930229331e-01
-1.0447644231210758e+00
-8.24295718547034e-01
-6.484472190555616e-01
-5.903935682879546e-01
-7.628874217724222e-01
-1.1647954388086204e+00
-1.4849214110955178e+00
-2.296599691895841e+00
-3.0011247298200665e+00
-3.6305320637363154e+00
-3.994119982703758e+00
-4.209481001716996e+00
-4.460235392466219e+00
-4.4952595256515435e+00
-4.1650094938935585e+00
-3.5004159659229086e+00
-3.117285616502288e+00
-2.748122827503057e+00
-2.4690154579748746e+00
-2.6278492502941484e+00
-3.158804902260001e+00
-3.051594894485209e+00
-2.6327277328025867e+00
-2.3361094173100194e+00
-2.6139478371717444e+00
-2.4048774257773573e+00
-2.244982775299589e+00
-1.7171563118769937e+00
-4.545667644558866e-01
-8.759650062973409e-01
-1.2534271954778249e+00
-1.843413278109327e+00
-2.314707913394079e+00
-2.014001036366192e+00
-1.6976637453907515e+00
-1.178700171680004e+00
-9.653808740873527e-01
-1.471913272408953e+00
-2.386899626292384e+00
-3.600924490051623e+00
-5.031233515326732e+00
-5.590900501572028e+00
-6.509635769633424e+00
-7.179152107015135e+00
-8.499823298272137e+00
-7.865420312197586e+00
-7.517299258963517e+00
-6.4191321534525185e+00
-6.207884553251285e+00
-5.425463642006914e+00
-5.411640595230434e+00
-5.137290026928419e+00
-5.6798620116511e+00
-5.237259450910369e+00
-4.925651598861375e+00
-4.133308980883866e+00
-4.573085605284621e+00
-4.418928157823299e+00
-4.147090981431656e+00
-3.1940211582457425e+00
-8.448872623579651e-01
-1.7575115854607541e+00
-2.8291368554717633e+00
-3.684565697746558e+00
-4.429863460695111e+00
-4.0687671318456955e+00
-3.531210157247622e+00
-2.212491523380743e+00
-1.5289697844318149e+00
-2.077147310935354e+00
-3.5431050508127244e+00
-5.459392344712678e+00
-7.439793284287672e+00
-8.86385406296935e+00
-1.1498859779100686e+01
-1.2799321964321283e+01
-1.4065147078241829e+01
-1.2901672595631602e+01
-1.3015176321111541e+01
-1.1280483641337833e+01
-1.0125932519227726e+01
-9.469183703764978e+00
-1.0241976402994478e+01
-9.61921321822293e+00
-9.279611465234623e+00
-8.91215157823622e+00
-8.870324760153647e+00
-7.845230915828521e+00
-7.600335538082829e+00
-7.07660202926237e+00
-7.08212539945131e+00
-5.698819146092293e+00
-1.2079967342605864e+00
-2.4758331352261767e+00
-3.825852397487395e+00
-4.7786397351309144e+00
-5.693011234563899e+00
-5.017736148549307e+00
-4.35776233326536e+00
-2.8620045421093554e+00
-2.3116901676422508e+00
-2.4170042110693775e+00
-3.4625374008821685e+00
-4.951380931351158e+00
-7.143843184065597e+00
-9.725393334147155e+00
-1.3098242069869785e+01
-1.4107519590391219e+01
-1.543882663935465e+01
-1.4375350883021186e+01
-1.488667329916938e+01
-1.2703101285926213e+01
-1.2371547023572651e+01
-1.1914183863495447e+01
-1.3252415165703287e+01
-1.244413090571845e+01
-1.2494966383945282e+01
-1.1889952587043318e+01
-1.2521976647712064e+01
-1.0749599877509688e+01
-1.058278104192381e+01
-9.4839418224059e+00
-9.576518567764348e+00
-7.491678406874796e+00
-1.5236931248560188e+00
-2.9595350395579074e+00
-4.008839559975617e+00
-5.126351378527616e+00
-5.9089899770884236e+00
-5.44559767538812e+00
-4.815497775749136e+00
-3.762933674281798e+00
-3.4250335735356705e+00
-3.4489563835577153e+00
-3.3916781316653464e+00
-3.4667188683745622e+00
-5.517456133699885e+00
-8.448613381645616e+00
-1.0859458307902196e+01
-1.20372264595696e+01
-1.2735270693908339e+01
-1.2271977556559134e+01
-1.2284202998751207e+01
-1.2286286740712923e+01
-1.312105297904722e+01
-1.414692171406003e+01
-1.5037711105939158e+01
-1.5034755855921176e+01
-1.525291999907088e+01
-1.509367040339618e+01
-1.4624772863439043e+01
-1.3322352231605695e+01
-1.268068880295974e+01
-1.1691755097490228e+01
-1.0805659245564915e+01
-8.150325460438324e+00
-1.397173492160242e+00
-2.654412762650368e+00
-3.8478148343512415e+00
-4.878876920354673e+00
-5.730792713624017e+00
-5.654694085319386e+00
-5.857960578404617e+00
-5.225316889563746e+00
-5.339410177060188e+00
-4.530649105837282e+00
-3.5408415446298767e+00
-1.9015481446794456e+00
-2.418799471796939e+00
-4.363065096715647e+00
-5.489661254614306e+00
-6.173995691335384e+00
-6.342096673368291e+00
-7.503299288160658e+00
-9.266793206937193e+00
-1.0689762462018162e+01
-1.2880167147807628e+01
-1.4173028839538818e+01
-1.590394793546072e+01
-1.5370893470433781e+01
-1.6171756020032728e+01
-1.5520422502549295e+01
-1.5418060441837287e+01
-1.3589928453832927e+01
-1.3316403837719252e+01
-1.1867150535916696e+01
-1.0371882238902177e+01
-6.771073096970405e+00
-1.2795222619497966e+00
-2.540532865792615e+00
-3.685616339298101e+00
-4.720079649164361e+00
-5.388395296277509e+00
-5.481121745620672e+00
-6.5258727416501845e+00
-6.505383065353003e+00
-6.702894013038169e+00
-5.443504303591413e+00
-3.4903712610040967e+00
-9.643731274269386e-01
1.0244373577015664e+00
6.819353450424981e-01
1.203066261051673e+00
9.067617719717368e-01
4.5907507089063404e-01
-2.166111715633674e+00
-4.804834934093153e+00
-7.8367358953258375e+00
-1.017758780408222e+01
-1.1687201270087948e+01
-1.3509920142690437e+01
-1.3996365737416157e+01
-1.467973229361717e+01
-1.3778052571284624e+01
-1.4333415450382354e+01
-1.3213599407696437e+01
-1.2012864470903672e+01
-9.505299866980979e+00
-7.663790055553308e+00
-5.139550970683896e+00
-1.157585742122854e+00
-2.455799203958071e+00
-3.3796458667741764e+00
-4.32502903981682e+00
-4.89118810710847e+00
-5.071987905929502e+00
-6.151252520660029e+00
-6.563278367932868e+00
-6.861797767204955e+00
-5.473037138952624e+00
-3.3265267852851963e+00
-4.855714414690351e-01
2.5736305520940395e+00
2.915441501301749e+00
3.4192944824371256e+00
2.743321845541971e+00
2.0081219869461933e+00
1.1558539337770066e-01
-8.447427427493915e-01
-3.018139638656121e+00
-4.426332877368083e+00
-6.216646484465644e+00
-8.039162166637906e+00
-9.787060928574236e+00
-1.0458052583851511e+01
-9.816689238518455e+00
-1.0534271952171105e+01
-9.838596206427088e+00
-8.749729596424695e+00
-6.607404492326772e+00
-5.1561152591691215e+00
-3.550487816601346e+00
-1.49476005242516e+00
-2.743048241899395e+00
-3.12048520976107e+00
-3.7141412212781506e+00
-4.860663305192726e+00
-5.51095778158624e+00
-5.745525535586464e+00
-5.89724049193488e+00
-6.5035841666165926e+00
-5.442778918616028e+00
-2.726905745654696e+00
5.227789235103895e-01
2.8276099581580203e+00
2.5833019119117333e+00
2.040055347847196e+00
1.2309163370204395e+00
7.234458087318665e-01
6.563291726331343e-02
6.587271336223284e-01
7.522325462025299e-01
-2.609981486005745e-02
-1.5799793824121802e+00
-2.725794901092211e+00
-4.101978130511143e+00
-5.027894515183696e+00
-5.259247722717942e+00
-5.412284558308758e+00
-5.63231036246966e+00
-5.580352197252138e+00
-4.951025588756467e+00
-3.4844578722154638e+00
-2.196166137215069e+00
-1.3803393980370253e+00
-2.2526675893754216e+00
-2.8502755828672446e+00
-3.7122345977778615e+00
-5.432737824597742e+00
-5.893952739243969e+00
-6.084153323913941e+00
-5.630546719259849e+00
-6.305808853733451e+00
-5.4335582989762425e+00
-3.0497907001821503e+00
1.8476361190378898e-01
2.086031291601619e+00
1.4320972379741062e+00
3.47148047062975e-01
-9.249780859554495e-01
-1.1611877857932305e+00
-7.823682741083481e-01
-2.4376270630762095e-01
3.277732707068416e-01
2.485488684658062e-01
5.8731771594858394e-02
6.463212069794567e-02
-3.6054656692791437e-01
-8.965829087266769e-01
-2.1691348622598654e+00
-2.8526357049183146e+00
-3.2199535204387773e+00
-4.0719141849469755e+00
-4.298494833567909e+00
-3.670709498000456e+00
-1.9953159202660442e+00
-1.5137718249173284e+00
-2.539033703987613e+00
-3.4250872562212544e+00
-4.883766064042716e+00
-6.430936606700987e+00
-6.876101698545948e+00
-6.965738176583418e+00
-6.3144132617108095e+00
-6.431050837711178e+00
-4.958610641032859e+00
-2.9718761215044633e+00
-3.156106241504691e-01
1.38130875667648e+00
8.380984129876133e-01
-8.476567992320106e-01
-2.4002981234784455e+00
-2.275570529222616e+00
-1.87502443801388e+00
-1.717244241893822e+00
-1.4487993506374421e+00
-7.70030645441021e-01
8.33959851217888e-01
1.6688085125937537e+00
2.0899061734712014e+00
1.6741452586347672e+00
3.4599633726689816e-01
-8.180361056251589e-01
-1.9093638251212794e+00
-3.630874897675872e+00
-4.385930904560859e+00
-4.085210156036681e+00
-2.365487503290561e+00
-1.7192230859479303e+00
-3.164600377872697e+00
-4.3393923428709495e+00
-5.733901576905871e+00
-7.2625857338033315e+00
-7.490970116817993e+00
-8.064520181270105e+00
-7.797638939453633e+00
-7.33352091585407e+00
-5.415382999170733e+00
-3.59390626950793e+00
-1.120720274916756e+00
8.401976943990259e-01
6.923162408409625e-01
-2.844678460283781e-01
-1.4441799287365191e+00
-1.2419001224445174e+00
-2.0171422852622753e+00
-3.050830260447858e+00
-3.1063739705720597e+00
-1.294501980440508e+00
5.395960237219463e-01
1.5905559263870979e+00
2.432255738233411e+00
2.2448922826700763e+00
9.714255661155085e-01
-2.1209492522625922e-01
-1.9916628262854252e+00
-3.9020032297861214e+00
-5.054910857234276e+00
-5.220487365070019e+00
-3.2224562616680954e+00
-2.323575219611487e+00
-4.293580250448915e+00
-5.4116722747716155e+00
-6.958304808344576e+00
-8.984163731630462e+00
-9.955607698806105e+00
-1.093299985079416e+01
-1.0465254861390715e+01
-9.463202046252094e+00
-6.783630261254591e+00
-4.143927444825763e+00
-1.4372614055792774e+00
1.1144389481030565e+00
1.6479445304956564e+00
1.95381912596893e+00
1.74556929155436e+00
1.2938448303448422e+00
-7.940731581602316e-02
-8.964453406077799e-01
-1.1516748924465832e+00
-4.8121781047370515e-01
-7.642797275243897e-02
3.904253903402839e-01
9.157447636602817e-01
1.114679801152233e+00
8.872287571216239e-01
-1.166369228366111e-01
-1.864612389767744e+00
-3.729616993954444e+00
-4.553777099533081e+00
-4.272626464487502e+00
-2.8238611343023985e+00
-2.581860722181793e+00
-4.597020806346527e+00
-6.163636238082287e+00
-7.794048938884255e+00
-1.021223551150936e+01
-1.1720157077479453e+01
-1.3712617819914056e+01
-1.2386845525584206e+01
-1.1113948709101441e+01
-7.273311776842725e+00
-3.7879658035697417e+00
-1.651398758041752e-01
2.441695647708622e+00
3.289185349868036e+00
3.387925539826591e+00
2.5473907952399264e+00
2.320827278926694e+00
2.3702034818161324e+00
2.3998498067952703e+00
1.6045930658217955e+00
6.25122734046123e-01
1.5066001930354908e-02
-5.129800693883731e-01
-5.545096619796946e-01
1.1531187533564764e-01
8.57840016840046e-01
7.136330654827335e-01
-7.122548748659302e-01
-1.953538404965726e+00
-2.6094686698305622e+00
-2.2712651942650823e+00
-1.2175218341778302e+00
-2.970768978897298e+00
-5.377872029934709e+00
-7.086320493788296e+00
-9.23367321364176e+00
-1.1696853518362662e+01
-1.348475645240027e+01
-1.5748723014883598e+01
-1.4136055061386388e+01
-1.13961537438075e+01
-6.6129777033206505e+00
-2.532649169655773e+00
5.45730700833612e-01
2.551757836059339e+00
2.170547296488771e+00
1.4447116311320773e+00
3.375017080343891e-01
1.74458968264548e+00
3.0613563753944737e+00
3.629011816667366e+00
2.4341474672201873e+00
1.5347112517271497e+00
8.633748325165944e-01
4.0438725400693376e-01
-3.236943281582102e-02
2.6872859356080836e-01
9.124920689709998e-01
1.3887369008643422e+00
6.841851367830665e-01
-3.8969245114490053e-01
-9.876248525889112e-01
-9.861578695333021e-01
-5.5780198991777e-01
-3.2620195191468873e+00
-5.709524936934469e+00
-7.522422781309369e+00
-9.764413025551953e+00
-1.2383445478932153e+01
-1.357858089586386e+01
-1.5846123098803321e+01
-1.3967817238298542e+01
-1.0811111563678091e+01
-6.030315776660569e+00
-2.4088114398354916e+00
1.8993024914881018e-01
6.834144440474237e-01
-1.1606442737060398e+00
-2.091306582817631e+00
-1.6634188112621349e+00
-6.266787259570186e-01
1.1554523284540534e+00
2.170511588554649e-01
-9.733603040563525e-02
-9.996041794320402e-03
5.903897368670982e-01
1.7513613570657374e+00
1.431918200644672e+00
1.1068389264717353e+00
1.1243974092188476e+00
1.5597647577094929e+00
6.908765454732227e-01
-8.930878479111363e-01
-1.739337838497403e+00
-2.110462853526327e+00
-1.3843135884491764e+00
-3.917200305664948e+00
-6.727590623956656e+00
-7.937114450637698e+00
-9.923503481845064e+00
-1.270789763846496e+01
-1.4097756398169482e+01
-1.4767357618791094e+01
-1.2895764962184604e+01
-1.0082830930257476e+01
-6.33269973262896e+00
-2.4419144014524385e+00
-6.744249643975605e-01
-1.2818172611099927e+00
-4.047151760676895e+00
-5.6622755360339605e+00
-5.708218476782825e+00
-4.829098111194243e+00
-4.049840505588203e+00
-4.742786504460199e+00
-4.260350743928539e+00
-2.7355644208742897e+00
-5.541489319261359e-01
2.2366465880945614e+00
2.6635175140187575e+00
2.2724272543789654e+00
2.0292466438378156e+00
1.0700399588581777e+00
-1.1084480269455177e+00
-3.2176187725250767e+00
-4.145821579710731e+00
-3.9363682360104866e+00
-2.40402827319796e+00
-4.089158622250001e+00
-6.56774322741081e+00
-8.25229053562935e+00
-1.0074417663784383e+01
-1.3232267363933495e+01
-1.4385990490919536e+01
-1.426989112952837e+01
-1.1851647891355677e+01
-9.342205626657558e+00
-5.6187044788604315e+00
-2.3821260332827303e+00
-8.88994728818993e-01
-1.9206667071450885e+00
-5.164666007227704e+00
-8.906802121385844e+00
-1.0532758643789274e+01
-1.2564466160344628e+01
-1.1065552002921606e+01
-1.0366451816378799e+01
-8.099158866409164e+00
-5.69659535864798e+00
-2.2710982818915038e+00
1.1314638340644638e+00
2.7822849357988657e+00
3.3305044556939234e+00
2.4636992016302126e+00
-1.6680766044371512e-01
-3.7768996084355253e+00
-7.107815665619015e+00
-7.368175718560475e+00
-6.2334017920448686e+00
-3.6709294300004256e+00
-4.648908517474064e+00
-7.657810936871803e+00
-9.714575246645573e+00
-1.1282235381316761e+01
-1.3407103928421758e+01
-1.3491976837933128e+01
-1.3519352743020061e+01
-1.140778744773725e+01
-8.646935573146358e+00
-4.50354746080066e+00
-1.3082480971191457e+00
-4.992160558957822e-01
-2.607022580274939e+00
-7.459508772114434e+00
-1.3709053251844795e+01
-1.668910650700288e+01
-1.9012064517497183e+01
-1.59301763493714e+01
-1.4447909855953677e+01
-1.1118543559545877e+01
-7.356330301656396e+00
-3.7141638433975652e+00
2.40957492700167e-01
2.5722616298166883e+00
3.7317343180326086e+00
1.6686624083733643e+00
-2.284463949558191e+00
-6.557567195033325e+00
-9.448771060073668e+00
-8.691065743745646e+00
-8.616739548654724e+00
-6.018177501619547e+00
-4.9235346110117515e+00
-8.036440444568887e+00
-1.0280526969143905e+01
-1.1364176355138763e+01
-1.3019413494588125e+01
-1.1906992947262399e+01
-1.2039519176122976e+01
-1.03645073885105e+01
-7.2280726298649185e+00
-3.2629024949456897e+00
-2.2250615580383168e-01
-1.9078393276001626e-01
-3.370277705307083e+00
-9.226488209587506e+00
-1.6396280009603814e+01
-1.9025436456517966e+01
-2.1658416836171774e+01
-1.775531110247429e+01
-1.6746099883394322e+01
-1.2218813685555647e+01
-9.171718380654823e+00
-5.461644888953261e+00
-6.467286716447856e-01
2.212299956478795e+00
3.411425137537802e+00
4.405302713971458e-01
-3.786625794514607e+00
-7.072314019777867e+00
-8.60744577783366e+00
-8.66990287496156e+00
-1.0151704476964419e+01
-7.205011158634309e+00
-5.279992029920531e+00
-9.050188214354687e+00
-1.1254777768245532e+01
-1.2611403302797102e+01
-1.3950442308524229e+01
-1.2869842132463644e+01
-1.180282285107435e+01
-8.758292020348774e+00
-5.432993484312841e+00
-2.483835585087003e+00
7.931366613044522e-01
1.4253954849894157e-01
-4.123665388464632e+00
-1.0913830619770854e+01
-1.6850786353415355e+01
-1.9728545031266414e+01
-1.9713997169443125e+01
-1.624038362304332e+01
-1.3709261407448219e+01
-1.105332489873561e+01
-8.457379240248567e+00
-5.331692732518528e+00
-5.15881893270911e-01
2.6542028857786364e+00
3.098287741464413e+00
-5.507514830481445e-01
-4.543376004458061e+00
-7.177307983148958e+00
-7.9993433757273475e+00
-8.259683629620874e+00
-8.800662689596257e+00
-6.247706048423365e+00
-5.199434035419732e+00
-8.824992546972453e+00
-1.207649560999972e+01
-1.3299987240576257e+01
-1.523071769793077e+01
-1.3853410487985823e+01
-1.2648960545322323e+01
-8.021568383654852e+00
-4.4092764082188705e+00
-1.0684267373554368e+00
1.892786031344229e+00
1.2670649375568503e+00
-3.016773001504764e+00
-8.959035622731582e+00
-1.2662518585648492e+01
-1.4084041226475101e+01
-1.3169051520590285e+01
-9.850492592376824e+00
-8.0908727870588e+00
-6.5316044864447145e+00
-3.936964857331705e+00
-1.343986737107031e+00
1.417104717886568e+00
3.3850279418722606e+00
3.278609005399329e+00
-2.9238054397775454e-01
-3.8996108428863163e+00
-6.465956562851107e+00
-8.10388775282974e+00
-7.73790451221479e+00
-6.705732002645276e+00
-3.8034311120986533e+00
-5.143918421899998e+00
-9.41137864902753e+00
-1.3041694929150193e+01
-1.4644676303592577e+01
-1.6315058513187893e+01
-1.4631963783989734e+01
-1.3353649268982902e+01
-8.846537887227646e+00
-4.659511566254667e+00
-1.5405537420609143e+00
2.023975516240527e+00
2.3676495450331414e+00
1.4466616527155646e-01
-2.953384766156286e+00
-4.907855233916229e+00
-5.423065341335476e+00
-4.490919185932756e+00
-2.668513484836029e+00
-1.7799806172222974e+00
-6.390394440363124e-01
1.0857247651688173e+00
2.058293877437045e+00
3.4086360663716526e+00
3.1186926190707887e+00
1.8384661900393355e+00
-1.2825668801316406e+00
-3.737225751949679e+00
-6.2204263584666455e+00
-7.762019461274133e+00
-6.435293276916279e+00
-5.353027627991088e+00
-3.2546434393341857e+00
-4.536031466972282e+00
-8.58227295347173e+00
-1.1795262084167751e+01
-1.3672430701947917e+01
-1.4981613928321377e+01
-1.3266924400584367e+01
-1.2708057968826088e+01
-9.639853187722345e+00
-6.871395740999426e+00
-3.3301884638389048e+00
3.231955893035279e-01
3.1121328830350072e+00
3.8195807430468793e+00
2.7141958573585447e+00
1.6628659810951572e+00
9.077636997891675e-01
1.1891549574390445e+00
1.6956468555271105e+00
2.7055414657824914e+00
2.9380079146183644e+00
3.2762538942461292e+00
3.311055090868804e+00
3.3880508541396783e+00
2.0299856820000723e+00
3.486410498351118e-01
-2.628171277057582e+00
-5.069121992097614e+00
-6.284097050721043e+00
-7.306926606292648e+00
-5.994723939185434e+00
-5.951716612091086e+00
-3.754677303698188e+00
-4.367585842967095e+00
-7.45566806836232e+00
-9.16584551650773e+00
-1.1147955558372312e+01
-1.242894789745487e+01
-1.146241703822643e+01
-1.0849348483185507e+01
-9.878810116788722e+00
-8.17108353866912e+00
-5.818705814094693e+00
-2.550173824028469e+00
1.6146757310400414e-01
1.9223615146302744e+00
3.125141559968182e+00
4.201514930384928e+00
4.0676446613402835e+00
3.183594859292329e+00
2.0514212774317864e+00
2.4162537901683856e+00
2.120724244649852e+00
1.7546932684287506e+00
7.966075405513255e-01
2.781383965785702e-01
-5.420560631703271e-01
-1.7402844966924398e+00
-4.327242082813133e+00
-6.18102123222052e+00
-6.864873461861134e+00
-6.67429283813651e+00
-5.646506386188375e+00
-5.333904843864572e+00
-3.498661876987227e+00
-3.850358562332623e+00
-6.035288383244845e+00
-7.30250094227075e+00
-8.69568185706469e+00
-9.818298681686638e+00
-1.0470467026529331e+01
-1.175672746278322e+01
-1.0987836171576824e+01
-1.0213115386769275e+01
-8.877916029780772e+00
-8.732890232907712e+00
-7.529334404288271e+00
-7.364594940449316e+00
-4.5140342760108485e+00
-2.9273420245072e+00
-1.4921334096147647e+00
-1.976072263916309e+00
-2.1090457575921464e+00
-2.727540490528753e+00
-3.126187893042874e+00
-4.134076844407839e+00
-4.104851670827706e+00
-4.481088538487831e+00
-4.013166758859407e+00
-4.2415431381981e+00
-4.475657138115898e+00
-5.624377062964774e+00
-6.402921276375694e+00
-6.900715415812576e+00
-5.729695278996737e+00
-4.670805201723908e+00
-3.2490432702525e+00
-4.097378874665967e+00
-6.156480171339321e+00
-7.060943540880994e+00
-7.711393617234954e+00
-9.198189500473301e+00
-1.1123715121022384e+01
-1.355307776572856e+01
-1.4497099804352235e+01
-1.5131999288399673e+01
-1.659615695253182e+01
-1.94820933657405e+01
-2.1252758887014853e+01
-2.16058778789841e+01
-2.0640215010334938e+01
-1.8884318268408627e+01
-1.6341695773959287e+01
-1.4035333896075665e+01
-1.3138940670230328e+01
-1.327650121856535e+01
-1.2762382180675361e+01
-1.2236909713450945e+01
-1.0536382344951905e+01
-9.485701679354369e+00
-7.694431640643031e+00
-5.7518655124690286e+00
-4.966585501153645e+00
-5.441390008331808e+00
-6.175164254915513e+00
-7.164996344337501e+00
-6.074076106696077e+00
-5.846407932047104e+00
-4.9705848755628645e+00
-3.9122294529246773e+00
-6.039756438404276e+00
-7.48449515094853e+00
-8.410321095384413e+00
-1.0150582887712654e+01
-1.1620640813620657e+01
-1.51864986059111e+01
-1.791515036000462e+01
-2.1557994258048726e+01
-2.404598770082579e+01
-2.9964360314469456e+01
-2.996807083833923e+01
-3.3179642646771974e+01
-3.2794924014942445e+01
-3.361676758301657e+01
-2.916982711195841e+01
-2.760868837603607e+01
-2.4829687070971396e+01
-2.4488776433473348e+01
-2.0036734783092978e+01
-1.8493509611100844e+01
-1.492042793182814e+01
-1.4187394814746192e+01
-1.0968780928862444e+01
-8.87481554529227e+00
-7.658978853649504e+00
-8.396278419074621e+00
-7.726358515641791e+00
-8.161799111916995e+00
-7.391872781374418e+00
-8.047868220067024e+00
-6.7145278329648415e+00
-3.8406896453427892e+00
-6.736781550517359e+00
-8.232103295907372e+00
-9.358986053984358e+00
-1.0484307034407642e+01
-1.2176302992178385e+01
-1.5998874089742685e+01
-2.0908403080788702e+01
-2.5007019124823238e+01
-2.687543663004533e+01
-2.962802230585992e+01
-3.1549932035719838e+01
-3.408908937089136e+01
-3.4658450408959126e+01
-3.411465440081363e+01
-3.2678511923775915e+01
-3.209021432536041e+01
-2.9949538614928166e+01
-2.5906260860853028e+01
-2.289108375915454e+01
-2.074254732658179e+01
-1.8936880516578572e+01
-1.637187831100755e+01
-1.3643484192220917e+01
-1.1190407030508984e+01
-1.0844194082532287e+01
-1.0529859913538665e+01
-9.3854861268912e+00
-8.778433476784754e+00
-8.42836113884536e+00
-8.014530903274098e+00
-6.786147688430028e+00
-3.2438569356444025e+00
-5.9909180561876205e+00
-8.174036731706922e+00
-9.054791874061069e+00
-1.1028916473895219e+01
-1.2818253385110292e+01
-1.661597028865431e+01
-1.9864689483949086e+01
-2.323675217434311e+01
-2.278157904672346e+01
-2.3370828332302462e+01
-2.437870287474828e+01
-2.885942316498925e+01
-2.845279890282077e+01
-2.8386551364754673e+01
-2.6891528198261312e+01
-2.9940136141893603e+01
-2.736553187834391e+01
-2.3460600501317334e+01
-2.016583484111385e+01
-2.1194724803973504e+01
-1.9741585062429824e+01
-1.639907449653699e+01
-1.2600455113448833e+01
-1.1080407921763943e+01
-1.0100573327500657e+01
-9.3873027441138e+00
-7.683495920774537e+00
-8.140564472936893e+00
-7.595897896223929e+00
-6.416666629598958e+00
-4.870793953524691e+00
-2.701370516981572e+00
-4.971356577294059e+00
-7.465136936605318e+00
-8.929239400025262e+00
-1.0851500314804776e+01
-1.253528097592956e+01
-1.5869815766152842e+01
-1.756712510454764e+01
-1.8225362088881443e+01
-1.5450162712606295e+01
-1.63219379769806e+01
-1.8859101012449877e+01
-2.306496017884706e+01
-2.2439327218438876e+01
-2.4183658949534518e+01
-2.4070594525322225e+01
-2.4336023310762283e+01
-2.0531749053159146e+01
-1.9873038667237708e+01
-1.8259375994451364e+01
-1.805259991913105e+01
-1.5196450202304234e+01
-1.3211372031298641e+01
-1.1201230118621964e+01
-9.195402037506565e+00
-7.315635928805938e+00
-6.572288276735666e+00
-5.757379459183384e+00
-6.092718610737642e+00
-5.054875756408674e+00
-4.414773089887136e+00
-3.4386063990366424e+00
-1.6090308832252296e+00
-3.090054583542569e+00
-4.85576303118202e+00
-6.052454525434046e+00
-7.069104395981959e+00
-7.688885517170647e+00
-1.001890373169065e+01
-1.0796453022180495e+01
-1.0505445825144285e+01
-8.37542192374137e+00
-9.926765583471097e+00
-1.2190026435433884e+01
-1.4978213133061283e+01
-1.4170833475999476e+01
-1.626195337578056e+01
-1.4978498271783875e+01
-1.4363998186429539e+01
-1.1455226603851028e+01
-1.251435488321711e+01
-1.1564759533977739e+01
-1.1255589206014578e+01
-8.523023532743382e+00
-8.05328569138203e+00
-7.068177642321167e+00
-5.681741089241105e+00
-4.067585885856358e+00
-3.4707662908126893e+00
-3.1955230074810204e+00
-3.3810641542757316e+00
-2.6387281533325955e+00
-2.713632130354665e+00
-2.078089849126181e+00
