0e+00
1e+00
2e+00
3e+00
4e+00
5e+00
6e+00
7e+00
8e+00
9e+00
1e+01
1.1e+01
1.2e+01
1.3e+01
1.4e+01
1.5e+01
1.6e+01
1.7e+01
1.8e+01
1.9e+01
2e+01
2.1e+01
2.2e+01
2.3e+01
2.4e+01
2.5e+01
2.6e+01
2.7e+01
2.8e+01
2.9e+01
3e+01
3.1e+01
3.2e+01
3.3e+01
3.4e+01
3.5e+01
3.6e+01
3.7e+01
3.8e+01
3.9e+01
4e+01
4.1e+01
4.2e+01
4.3e+01
4.4e+01
4.5e+01
4.6e+01
4.7e+01
4.8e+01
4.9e+01
5e+01
5.1e+01
5.2e+01
5.3e+01
5.4e+01
5.5e+01
5.6e+01
5.7e+01
5.8e+01
5.9e+01
6e+01
6.1e+01
6.2e+01
6.3e+01
6.4e+01
6.5e+01
6.6e+01
6.7e+01
6.8e+01
6.9e+01
7e+01
7.1e+01
7.2e+01
7.3e+01
7.4e+01
7.5e+01
7.6e+01
7.7e+01
7.8e+01
7.9e+01
8e+01
8.1e+01
8.2e+01
8.3e+01
8.4e+01
8.5e+01
8.6e+01
8.7e+01
8.8e+01
8.9e+01
9e+01
9.1e+01
9.2e+01
9.3e+01
9.4e+01
9.5e+01
9.6e+01
9.7e+01
9.8e+01
9.9e+01
