-6.570254696022061e-01
-1.3014202269902242e+00
-1.4346656125639177e+00
-1.7495278274136927e+00
-1.8136085052368165e+00
-1.5863594240878383e+00
-1.4891500833550568e+00
-1.449679128887591e+00
-1.7997689513553399e+00
-2.032895618417273e+00
-1.761556406530193e+00
-1.5599754695284183e+00
-1.7356365051338472e+00
-1.600753686762259e+00
-1.6727983607621733e+00
-2.2559391488075513e+00
-3.339203995702648e+00
-3.5317958769663953e+00
-3.3031733622447654e+00
-2.9109900914891056e+00
-3.297454692158216e+00
-3.1707465313993897e+00
-3.2676274431943475e+00
-3.2759877598183342e+00
-3.1688839184250654e+00
-2.703446699415793e+00
-2.2685150077458784e+00
-2.4519329140807975e+00
-2.9945296398482655e+00
-3.24612339124048e+00
-3.515261712370674e+00
-3.162138604334298e+00
-1.099209502224585e+00
-1.8051595751477938e+00
-1.951919763507582e+00
-2.345076331201253e+00
-2.739298465003902e+00
-2.788887703390791e+00
-2.9730886950429225e+00
-2.8924995139452325e+00
-3.5246018103501173e+00
-3.6702397480621287e+00
-3.7304505402816606e+00
-3.330713283838784e+00
-3.456638879338532e+00
-3.4007746066164692e+00
-4.111652155996778e+00
-4.452459991865796e+00
-5.828418285922302e+00
-6.168672718715414e+00
-6.362889969548373e+00
-5.840893896434106e+00
-6.877988813679893e+00
-6.831671693989599e+00
-7.935945531606922e+00
-6.910714887307313e+00
-6.538843558841865e+00
-5.2029055599273155e+00
-5.0478234080449e+00
-4.955626070239997e+00
-6.333311907705011e+00
-6.412534267823802e+00
-7.097469590070473e+00
-6.2390666404246575e+00
-1.6639715199541578e+00
-2.7252292566286522e+00
-3.3808379785841853e+00
-3.7206152365751897e+00
-4.355222110054427e+00
-4.690895355215436e+00
-5.382029757576653e+00
-5.670845301505974e+00
-6.105092908260049e+00
-6.545338182074013e+00
-7.07829762947238e+00
-7.04269193351117e+00
-7.262179231443977e+00
-8.190373406012455e+00
-9.717833260519674e+00
-1.0388812898812679e+01
-1.1294170889506809e+01
-1.2210722345178157e+01
-1.3551554251283639e+01
-1.3417027887320872e+01
-1.3868154204535392e+01
-1.3932226138378756e+01
-1.4447943798660491e+01
-1.2745814670518959e+01
-1.1105673340817455e+01
-9.784262725459723e+00
-1.0031877396041386e+01
-1.0029544400382882e+01
-1.107579487053314e+01
-1.1563676906408388e+01
-1.267881983592365e+01
-1.0748638489663557e+01
-2.1759190692138186e+00
-3.5175765072811394e+00
-4.471146541403665e+00
-4.668954161847788e+00
-5.479089262172337e+00
-5.5668963934998485e+00
-6.490710961637537e+00
-7.161603483037668e+00
-8.108598372321202e+00
-8.41316380587609e+00
-9.548348191032458e+00
-1.0043730885524068e+01
-1.194106523497261e+01
-1.373966056964779e+01
-1.6993835251003173e+01
-1.7731732610981464e+01
-1.978690468749203e+01
-1.9652219358565397e+01
-2.329607229476389e+01
-2.2237763739687047e+01
-2.281855013854582e+01
-2.0373175833183893e+01
-2.0722862418454074e+01
-1.761785878065607e+01
-1.59684766526092e+01
-1.403748475092326e+01
-1.4065763967781791e+01
-1.3365602016758219e+01
-1.4923861455717516e+01
-1.5377321508006927e+01
-1.663781251872722e+01
-1.3360100471848607e+01
-2.6800298772887245e+00
-4.381249917895439e+00
-5.107568752291095e+00
-5.395130732956144e+00
-5.937673702967379e+00
-6.19130889825044e+00
-6.884426708042299e+00
-7.9778720801349134e+00
-9.513359074070095e+00
-1.0283649776920505e+01
-1.044723697335233e+01
-1.2154057980496058e+01
-1.5338263454558499e+01
-1.9272550359607518e+01
-2.288900336287748e+01
-2.5847694903602225e+01
-2.8468436625349213e+01
-2.989862018760403e+01
-3.156429924068311e+01
-3.108850158384137e+01
-2.972065045185165e+01
-2.6870682419786583e+01
-2.4495143073474306e+01
-2.0916034891378185e+01
-1.7335131346833894e+01
-1.522460960630949e+01
-1.4055171909956648e+01
-1.4089576946132093e+01
-1.565948462933335e+01
-1.6592110029488193e+01
-1.6749349134265792e+01
-1.3598541536786183e+01
-2.817431161928423e+00
-4.406264578904596e+00
-5.530760639887786e+00
-5.7253587347365515e+00
-6.205724414259195e+00
-6.06768458765985e+00
-6.893226222758663e+00
-7.903407303072883e+00
-9.824599470636022e+00
-1.0071856118687705e+01
-1.0988574294478022e+01
-1.2613380110995953e+01
-1.664689602219572e+01
-1.9974680724755007e+01
-2.5036328334922395e+01
-2.8363070865283472e+01
-3.400221592659134e+01
-3.485353105993434e+01
-3.6754082091839344e+01
-3.3984242310915e+01
-3.46844767415146e+01
-3.0826830150322685e+01
-2.6857789295017817e+01
-1.989428998383385e+01
-1.5169277403396366e+01
-1.1780904205253933e+01
-1.1012924510369924e+01
-1.0710448294947392e+01
-1.3066597888520045e+01
-1.4159879966532175e+01
-1.4923428198752433e+01
-1.1604255891774075e+01
-3.01965998950606e+00
-5.123819441620837e+00
-6.776630749043291e+00
-6.739391747630442e+00
-6.636306973477209e+00
-6.038669704695434e+00
-6.741067298290047e+00
-7.589249072677356e+00
-8.795457039551282e+00
-9.037516597316602e+00
-1.0897242567501708e+01
-1.2639578951579047e+01
-1.502956920858004e+01
-1.784284757383755e+01
-2.4416495084090226e+01
-2.9106296578145695e+01
-3.459729812399394e+01
-3.343979064368098e+01
-3.595582950440587e+01
-3.360511918476277e+01
-3.245556047862244e+01
-2.7140936862128022e+01
-2.2669979919219255e+01
-1.624754876721075e+01
-1.023846815907986e+01
-6.900370904645565e+00
-5.752094865126785e+00
-6.335418723503574e+00
-8.273651899957848e+00
-9.660790063612211e+00
-1.1658236121158284e+01
-9.549747217775414e+00
-3.2980988973666956e+00
-5.622548949160394e+00
-7.271576938419283e+00
-6.921484239124711e+00
-6.417221946510078e+00
-4.96974839765154e+00
-4.5849476335764185e+00
-5.1359922249677075e+00
-5.8917894889177305e+00
-6.629084528647996e+00
-8.260760513703348e+00
-9.153897415842037e+00
-1.0622287338660891e+01
-1.370087344242912e+01
-2.0065365381691596e+01
-2.4650553749863985e+01
-2.8316736842984895e+01
-2.643786600820163e+01
-2.877557927436944e+01
-2.546544251650119e+01
-2.340452326428932e+01
-1.8165551066467753e+01
-1.521082038712185e+01
-1.0413360724039698e+01
-6.226356559984207e+00
-3.338222285087979e+00
-8.627571128183777e-01
-1.999875923447836e+00
-3.963048970073636e+00
-6.146085675948653e+00
-8.083448771830607e+00
-6.762066645631119e+00
-3.780051526946859e+00
-6.191473892483246e+00
-7.136374729755709e+00
-6.377966989112479e+00
-5.363665040317759e+00
-3.9329737201982193e+00
-2.3556243627682183e+00
-1.7722094489912061e+00
-2.420942773422754e+00
-3.9305354842395404e+00
-4.879433076088185e+00
-5.7548353998732376e+00
-7.284761534889207e+00
-1.0663272636463056e+01
-1.457515282126152e+01
-1.8152584955491875e+01
-1.981065074364892e+01
-1.880480263243688e+01
-1.7759917551496613e+01
-1.5231766282785168e+01
-1.2933491217250577e+01
-1.0087809019642744e+01
-6.509120828820872e+00
-4.048688724745947e+00
-1.5513935006113964e+00
3.18156630555769e-01
2.271674856532292e+00
8.342255963251863e-01
-2.046804483610884e+00
-4.856113677576004e+00
-5.695239754972213e+00
-4.867881788632916e+00
-3.6157740773168405e+00
-5.719436289956262e+00
-6.489970673271216e+00
-5.534973144740247e+00
-4.80222917608341e+00
-3.3773206314402664e+00
-1.845851673658555e+00
-2.5066443805985533e-01
-7.601923297499914e-02
-1.2296593518442112e+00
-2.4550700037116906e+00
-3.4165396913984996e+00
-4.9083174558612725e+00
-6.872873270629679e+00
-8.556446498198873e+00
-9.881982593159684e+00
-1.0237776101259806e+01
-9.292887794508024e+00
-8.508166096397948e+00
-7.044837199653265e+00
-5.969928679187553e+00
-4.529190776516425e+00
-2.7910634600900486e+00
-5.049303268944636e-01
2.329228643219648e+00
3.3966633099578556e+00
3.2604247787977005e+00
6.868767405324746e-01
-2.2970569010593156e+00
-4.7380908375434645e+00
-5.512953044497099e+00
-4.537701900338189e+00
-3.43874607309431e+00
-5.322643176962067e+00
-6.633185196670528e+00
-6.2328625138710905e+00
-5.579779102592425e+00
-4.272744064189654e+00
-2.8754906851428883e+00
-8.238885463742455e-01
4.602550223717765e-01
1.3928197833745457e-01
-7.642302225690738e-01
-1.4714588584630077e+00
-1.8832386908334375e+00
-2.233736446368123e+00
-1.9488630063094567e+00
-1.9372147697091506e+00
-1.2913350420346434e+00
-7.601525288205802e-01
-1.2092056722979319e+00
-2.1032095366127925e+00
-2.714223146175381e+00
-2.4613341819728003e+00
-6.210568218445889e-01
2.02401379475898e+00
4.269591693135935e+00
3.418983134136299e+00
1.9715793984017658e+00
-4.390052960413094e-01
-2.467298517513598e+00
-3.8787183209939995e+00
-5.062541621884267e+00
-3.815440341004768e+00
-3.1110379193648634e+00
-5.2383804160074865e+00
-6.88930773105395e+00
-7.092078900776176e+00
-6.639838625549865e+00
-5.027186395852761e+00
-3.724122588209025e+00
-1.6527183744463367e+00
-5.048793671096756e-01
3.925893907968372e-03
3.376574779829923e-01
3.601292602456181e-01
7.610514978884185e-01
7.30212455786212e-01
1.589808953677006e+00
1.609077629166436e+00
1.7152291712453938e+00
9.345698389319687e-01
-2.93186240316727e-01
-1.5711686657245998e+00
-2.2579684072608917e+00
-1.010285529031732e+00
1.3188054127187625e+00
3.031303964413776e+00
3.0662423633537657e+00
1.2968922280679132e+00
3.079519706127118e-02
-5.983668147935767e-01
-1.8151700968516147e+00
-2.909127375541149e+00
-3.6268574671968588e+00
-2.745562252091047e+00
-3.260281638458728e+00
-5.754188832029655e+00
-6.861806080570517e+00
-6.943565021790964e+00
-6.7963583057918395e+00
-5.654242947233689e+00
-4.4103265684742965e+00
-2.9962663542366457e+00
-2.107398217781033e+00
-6.156418205915742e-01
1.3792894317906759e+00
2.263750062216957e+00
2.3043683138308393e+00
1.7610242771384987e+00
1.6460672848189162e+00
1.1440146798488093e+00
4.633483835990406e-01
-8.616567344502196e-01
-1.857669426601185e+00
-1.8405677224088968e+00
-8.361839456091009e-01
9.531675188624149e-01
2.2530374407130287e+00
1.398511032783916e+00
-4.191727363168307e-01
-2.286103365102622e+00
-2.7911137809747832e+00
-2.291833574918934e+00
-2.1229443180235856e+00
-2.0808992611947996e+00
-2.1078792405603166e+00
-1.529139304248237e+00
-3.014781086090704e+00
-5.313377178617664e+00
-6.4953175128008285e+00
-6.814369086509545e+00
-7.527711483826958e+00
-7.460730364690154e+00
-7.649815864370433e+00
-6.316258604469199e+00
-5.2089068551996345e+00
-1.7667499884109508e+00
7.156064987526709e-01
2.504563200371223e+00
2.6095963428562667e+00
1.703479958272106e+00
9.148273049282527e-01
1.8228883649811173e-01
-6.387983882796028e-01
-1.287229977263096e+00
-1.8505334071081057e+00
-9.732582622113041e-01
7.0722991013741e-01
1.2902574104321998e+00
4.6362872010721445e-01
-1.685305426176368e+00
-3.9529626487672984e+00
-5.139806031565835e+00
-5.874835203272708e+00
-4.181133184295609e+00
-3.11657046821537e+00
-2.38935493171671e+00
-1.450498655404694e+00
-5.942058823128077e-01
-2.8293761391265457e+00
-4.84682064722058e+00
-6.512938857757877e+00
-7.699409769647429e+00
-9.010421654998966e+00
-1.0615148417853673e+01
-1.2882534935205975e+01
-1.218613562123511e+01
-9.302033813638456e+00
-4.308463846149361e+00
-1.0719841309536122e+00
1.1522585417293354e+00
1.8505711571597563e+00
1.4643628084875902e+00
1.5793506506312738e+00
1.2671319103848881e+00
6.475951864162511e-01
3.6818768309358396e-01
6.634464617384711e-01
1.4033679481495818e+00
1.3026456065354235e+00
-8.902687764638484e-01
-2.9504433230822715e+00
-5.231181795808398e+00
-7.379666871778183e+00
-8.494282118235525e+00
-8.794197866745236e+00
-6.480049652381653e+00
-4.504418295827309e+00
-2.6866465952717338e+00
-1.0293374482485078e+00
3.7060564435329985e-02
-2.427900847403716e+00
-4.703833473337322e+00
-6.647775091348199e+00
-8.441173285927016e+00
-1.0454700532597167e+01
-1.2542457620216599e+01
-1.5759414328673357e+01
-1.5149978280125607e+01
-1.3175120230144906e+01
-7.680433826680942e+00
-5.633677274835733e+00
-2.746020584736521e+00
-1.6909066444672607e+00
-1.6831319978934145e-01
9.211531431673374e-01
1.4803088423947959e+00
9.74083638406893e-01
1.0252014674378325e+00
2.043994526106577e+00
1.8040651369762155e+00
-2.3191244133783054e-01
-3.8958347009831744e+00
-6.4239409280499755e+00
-8.287978028028983e+00
-1.0095961493276704e+01
-1.0308315766583119e+01
-1.177754915885527e+01
-9.320497502457226e+00
-7.036114608059029e+00
-3.6359716890899687e+00
-1.2130440364725668e+00
1.6635472565136347e-01
-2.5777798019184344e+00
-5.1467148036426e+00
-6.82714464762926e+00
-8.944898033382595e+00
-1.1715507353900406e+01
-1.459125776736913e+01
-1.7111737417439997e+01
-1.8013024295329053e+01
-1.7618165059313853e+01
-1.4162825827635697e+01
-1.1870902878070236e+01
-9.544104323716898e+00
-7.493108812709469e+00
-4.647485897189592e+00
-2.0163783862194715e+00
-8.031805890699298e-01
-5.308577198597941e-01
8.481062759191779e-01
2.3923050257520857e+00
1.3915849413434322e+00
-2.0434316307107174e+00
-6.469855185366257e+00
-9.362859283863598e+00
-1.1850266084923112e+01
-1.3211076183008945e+01
-1.3155263249797148e+01
-1.3631512140073552e+01
-1.1278166738959802e+01
-8.277216817087332e+00
-4.6218861860573215e+00
-7.666307758511024e-01
8.762211176953667e-01
-2.247247234015454e+00
-4.125905777530559e+00
-5.8216602124586085e+00
-8.1307394972516e+00
-1.1591801121728766e+01
-1.5286421874115703e+01
-1.9785492569512694e+01
-2.1085951931773778e+01
-2.2508553800281877e+01
-1.966996611749945e+01
-1.906880656792727e+01
-1.581127306969409e+01
-1.3844154760263766e+01
-9.579032005457652e+00
-6.465400788981345e+00
-3.891652473885441e+00
-1.6947414024155125e+00
1.0155328129034227e+00
2.66039847029619e+00
1.2497793910565353e+00
-2.2991745293104575e+00
-7.46008365987074e+00
-1.213684406581005e+01
-1.496477121812471e+01
-1.735269377724021e+01
-1.6381458230773127e+01
-1.5946856413653054e+01
-1.2203200513249824e+01
-8.799904109592251e+00
-4.508129731946757e+00
-3.514965040242912e-01
1.1916670168657313e+00
-2.0523790070509764e+00
-3.4867824547305055e+00
-4.757806360343124e+00
-7.268759482357578e+00
-1.0819750009327935e+01
-1.5967553047202053e+01
-2.168907400499704e+01
-2.4059741924732133e+01
-2.5297004050271948e+01
-2.2277479887223727e+01
-2.2700110629974507e+01
-1.9965014933333862e+01
-1.654398133174752e+01
-1.1709725394608412e+01
-8.378360393441389e+00
-4.607076400187682e+00
-1.1615391878798416e+00
1.2690999004233248e+00
2.2823333289523466e+00
3.257312454478709e-01
-3.3718428046616618e+00
-9.982979541733084e+00
-1.5982979562676418e+01
-1.936835059655616e+01
-2.1287485180706877e+01
-1.8409769075204817e+01
-1.7703042254831715e+01
-1.3926226655707145e+01
-9.571932376619964e+00
-4.713553965923613e+00
-3.50695935864639e-01
1.0703381180165217e+00
-1.715330400729638e+00
-3.045063367967639e+00
-4.093498510371738e+00
-5.694521198518566e+00
-8.72613194425535e+00
-1.3527070514612134e+01
-1.886028703482911e+01
-2.2112531725961176e+01
-2.3063225704444633e+01
-1.9967874324642754e+01
-2.085981461228709e+01
-1.7826377447107152e+01
-1.4157564188670674e+01
-9.745964147047337e+00
-6.555316400294413e+00
-2.8763248074403838e+00
7.926723969289426e-02
1.5015817367167053e+00
1.7431872927022662e+00
-7.082038579643866e-01
-4.750087110184227e+00
-1.1521488105578559e+01
-1.782265460607986e+01
-2.0370151203628687e+01
-2.137591160882545e+01
-1.7868183291137324e+01
-1.8251277119295334e+01
-1.4767478313360092e+01
-1.1246022521194185e+01
-5.611812596727138e+00
-1.174768589256258e+00
6.401015375579859e-01
-1.8409418326370965e+00
-3.4015541971768464e+00
-4.030231893801968e+00
-4.185548801691017e+00
-5.9612597321802445e+00
-9.469574082795926e+00
-1.3586134924173482e+01
-1.6877501453013878e+01
-1.7792024806297476e+01
-1.541360206469655e+01
-1.4409434598863202e+01
-1.234185046592872e+01
-8.986629951400882e+00
-5.701435988133859e+00
-2.5376252970045354e+00
-1.870648694940066e-01
1.5714190594236441e+00
1.5940174087670782e+00
1.0895265625523407e+00
-1.6969306508727215e+00
-6.18253709459966e+00
-1.2544555064195706e+01
-1.6931595207342884e+01
-1.9277172437292897e+01
-1.9911290203730875e+01
-1.741525097708416e+01
-1.6791359689543135e+01
-1.4451239739105043e+01
-1.10105318965496e+01
-6.446357394601022e+00
-2.0322720969772514e+00
-9.177525174254407e-02
-1.7537776566792007e+00
-3.1530534208497043e+00
-4.026691036557954e+00
-3.5895293673557007e+00
-4.01726896583098e+00
-5.20445391663156e+00
-8.152909691722359e+00
-1.0406450383170895e+01
-1.1140765119870526e+01
-9.4654474861988e+00
-8.04577336060378e+00
-5.995026258229066e+00
-3.958655598566574e+00
-1.9932940122543559e+00
-3.156444268233364e-01
1.3409123206960145e+00
2.6608174575098964e+00
1.8192464719818198e+00
5.74983165967107e-01
-1.8355068437509547e+00
-5.227692249657795e+00
-9.47439417420719e+00
-1.263120871953542e+01
-1.3959943725184077e+01
-1.5856876824127038e+01
-1.4813200851152136e+01
-1.4588361365286582e+01
-1.1626379180525939e+01
-9.331144281463725e+00
-5.789730174430984e+00
-2.7248868132446455e+00
-1.1628806188507306e+00
-1.7896702979645536e+00
-3.4461068465332936e+00
-4.759890486320078e+00
-4.041098295864676e+00
-2.813933507430016e+00
-2.0927359792203912e+00
-2.554999364143773e+00
-3.378428044908314e+00
-3.7556636976605122e+00
-2.665029624020091e+00
-1.7008126534356829e+00
-7.679539535383084e-01
5.827786916682143e-01
8.411486750914945e-01
1.4547857182912445e+00
1.9772652967573234e+00
2.1912787885620273e+00
6.468254218901033e-01
-6.058454764769758e-01
-2.1175141847160326e+00
-3.694564154341458e+00
-5.879133901557278e+00
-7.49509275931017e+00
-9.1691371134106e+00
-1.1115534016707308e+01
-1.0391290763890927e+01
-1.1068751515278304e+01
-9.651550128201027e+00
-7.931800873116064e+00
-5.136194229974096e+00
-2.8247181463972573e+00
-1.5295499380965254e+00
-1.8138522181052783e+00
-3.601949348609388e+00
-4.8371540485740265e+00
-4.106310109802892e+00
-2.495209144213693e+00
-3.1578918060122096e-01
1.4067610745644326e+00
1.0323420444783904e+00
5.421525905119094e-01
5.637261072127289e-01
1.710639144360258e+00
2.2996556371165884e+00
2.7344260144869947e+00
2.1158337427125415e+00
1.9326030207485527e+00
1.1165967317030618e+00
-2.8735604509035492e-02
-1.3367122835992107e+00
-2.0323971489820956e+00
-1.8254277647740342e+00
-1.9752747516234312e+00
-2.6086481137083815e+00
-4.066266488318863e+00
-6.383293559287901e+00
-7.7030251651457e+00
-7.435267271320212e+00
-8.498755605203256e+00
-8.101043855901478e+00
-7.342721570595767e+00
-4.924683227178244e+00
-2.9759365478958575e+00
-1.7667880096557604e+00
-1.9770095882815848e+00
-3.3965162668554876e+00
-3.9275168584213147e+00
-3.396069124142873e+00
-2.1700307564674195e+00
-2.4237894513665734e-02
2.594453343482692e+00
3.1005989620739256e+00
2.2736307203158934e+00
1.6458556361437053e+00
2.106489826602522e+00
2.3940841328540343e+00
2.086618981446062e+00
1.021949201350832e+00
3.1501879225611307e-01
-1.5597815497427319e+00
-3.444946684558289e+00
-4.4518808004336075e+00
-4.104475631530657e+00
-2.9783285268608877e+00
-2.2479007904300943e+00
-2.387838689459858e+00
-3.4541256759761123e+00
-4.7246280342528975e+00
-5.427133611228563e+00
-5.817660258355092e+00
-6.883781331586637e+00
-7.760590990469934e+00
-7.649139120556584e+00
-5.757163730973027e+00
-3.1771958311804958e+00
-1.5521834032230413e+00
-1.7548059707342993e+00
-3.01923866704098e+00
-3.4247505584364903e+00
-2.9680265648467494e+00
-2.493912505312596e+00
-1.0890462239319527e+00
4.584720282656223e-01
1.2205172304728247e+00
8.313985440746661e-01
3.2092470079446095e-01
-4.597790063977814e-01
-9.81203241505778e-01
-1.6910004585410137e+00
-2.346295443282507e+00
-3.7794108588764135e+00
-4.876821355918838e+00
-6.993616315212366e+00
-7.031216445421472e+00
-7.056180434004013e+00
-5.625156350461275e+00
-5.021146593881462e+00
-4.36507592406948e+00
-4.969332475427541e+00
-4.656694501771765e+00
-4.955325910982336e+00
-5.769631635383647e+00
-7.367120165331057e+00
-7.4685172378609925e+00
-7.908685984006966e+00
-6.269306533768152e+00
-4.393703141055812e+00
-2.1556003311738565e+00
-1.6407999076202215e+00
-2.4897193633123247e+00
-3.1656651922035137e+00
-3.63465127651341e+00
-3.7524278129819e+00
-3.6701064267194794e+00
-3.5429365827507504e+00
-3.433796011255314e+00
-3.4585961593302113e+00
-4.6841288387419375e+00
-5.911002153633551e+00
-6.994160893504462e+00
-8.323314609316686e+00
-9.435802400225654e+00
-1.0563647144746284e+01
-1.0839257686370264e+01
-1.1465712982132793e+01
-1.1122940125338236e+01
-1.1948791158974597e+01
-1.0297670245259257e+01
-8.725853908203309e+00
-6.929480923713746e+00
-6.307633877739044e+00
-5.52532419904342e+00
-6.320622754092006e+00
-6.827438505083183e+00
-7.759545659172026e+00
-7.551298306467563e+00
-7.904796451887996e+00
-6.967411582413276e+00
-5.740412601148748e+00
-3.160850275955543e+00
-1.5504146048925176e+00
-2.508984583224961e+00
-3.7504190097949457e+00
-4.60163157020372e+00
-5.74015444332914e+00
-6.218296246074593e+00
-7.491992715047539e+00
-7.4436830427754614e+00
-8.669243858730075e+00
-9.56366905380808e+00
-1.1272112368020492e+01
-1.1242725009183435e+01
-1.2995003677044473e+01
-1.3592932595646063e+01
-1.5119580171596953e+01
-1.4284563369901063e+01
-1.50174757475741e+01
-1.4525944852394476e+01
-1.5915667605758413e+01
-1.3296943263512379e+01
-1.1180950058806856e+01
-8.310546132515206e+00
-7.283985500061227e+00
-6.812496992403249e+00
-7.550613330307045e+00
-7.254968370542687e+00
-7.125252685095927e+00
-6.928490760125707e+00
-7.312997461797454e+00
-6.960428971985433e+00
-6.204714454779338e+00
-3.580204385871743e+00
-1.7726634068951839e+00
-3.3948197135732623e+00
-4.635225897866511e+00
-5.682325112038423e+00
-7.138995859086685e+00
-8.605568554190308e+00
-9.901317331862066e+00
-1.089619115997462e+01
-1.2166405037425115e+01
-1.2685078340678109e+01
-1.2885403483942778e+01
-1.2743104283993523e+01
-1.3110646419923219e+01
-1.3675478459304724e+01
-1.4440377946243068e+01
-1.5078080725115885e+01
-1.6371217251570418e+01
-1.7171166594895336e+01
-1.703957295922178e+01
-1.4379902775771198e+01
-1.1647841938123213e+01
-9.390435549899177e+00
-7.939669239379113e+00
-7.535267242345886e+00
-7.585403071613602e+00
-6.909697654550137e+00
-6.040716771280105e+00
-5.854646503890602e+00
-6.501918205489412e+00
-6.441572516917387e+00
-5.235684224470083e+00
-3.1105514882699334e+00
-1.833452193720663e+00
-3.636703754713813e+00
-5.245220734933337e+00
-5.8376801886529535e+00
-7.829695224206365e+00
-9.387436044348918e+00
-1.087613697281361e+01
-1.1602662654107128e+01
-1.3086597946102609e+01
-1.2264932368417421e+01
-1.1698198041903979e+01
-1.0510489717496418e+01
-1.1441107584755418e+01
-1.1736996513870851e+01
-1.2403846451935085e+01
-1.3146565795968652e+01
-1.5830970887326256e+01
-1.6422531065768265e+01
-1.5697390340621885e+01
-1.2218333846834735e+01
-1.0798509343800177e+01
-9.074742496498793e+00
-8.44081478447797e+00
-7.237769030510937e+00
-7.294523253522554e+00
-6.459860551013787e+00
-5.7165455228413755e+00
-5.0981986781146285e+00
-5.592830105200091e+00
-5.356823420722618e+00
-4.2065607261047875e+00
-2.166302474404323e+00
-1.707995031481987e+00
-3.366216395191611e+00
-5.128954658147841e+00
-6.008538349538264e+00
-7.573995338746933e+00
-8.546976864849274e+00
-1.0354503492271414e+01
-1.0869176708797545e+01
-1.0670731003940828e+01
-8.807517597604699e+00
-8.570651014290114e+00
-8.091563021519695e+00
-8.269531564416885e+00
-8.472073616101783e+00
-1.011616611076366e+01
-1.1533089699474816e+01
-1.26808252873388e+01
-1.1779723625163975e+01
-1.1478298426871348e+01
-9.650979586333838e+00
-8.078920481645007e+00
-6.988598910313904e+00
-7.2852716803256445e+00
-6.638382574949325e+00
-5.942068085286705e+00
-5.167244822768259e+00
-4.872436863291325e+00
-4.223340607361192e+00
-4.130799572421421e+00
-3.750474211166341e+00
-2.8851038724932065e+00
-1.3309797977183966e+00
-1.0032414881962946e+00
-2.1428465104265673e+00
-3.4591656844784335e+00
-4.106505611236388e+00
-4.877546980593553e+00
-5.423026791241822e+00
-6.77352672541882e+00
-6.688499701123826e+00
-5.873181827772233e+00
-4.605553463480514e+00
-4.756319911229355e+00
-4.345919277486042e+00
-4.3606999251635985e+00
-4.717224873360671e+00
-6.38887076708077e+00
-7.379594256667434e+00
-7.521341234683079e+00
-6.403568885346678e+00
-6.382916709816754e+00
-5.5449226995548715e+00
-4.606308211635885e+00
-4.097985762299347e+00
-4.684063914371058e+00
-4.190481837280948e+00
-3.561037172919667e+00
-3.10528404066918e+00
-3.0282907099131364e+00
-2.626104114263537e+00
-2.468421990559036e+00
-2.0942620734663797e+00
-1.508824912003719e+00
-5.464803594020862e-01
