-1.5867030275782826e-01
-3.422207481954393e-01
-3.081829956999452e-01
-3.304044760402614e-01
-2.947955959297479e-01
-3.254232636772218e-01
-4.9545121345460086e-01
-9.43589443735491e-01
-1.52001091304524e+00
-2.0935280710164865e+00
-2.3928326381560487e+00
-2.5926029073281254e+00
-2.8914569696897474e+00
-2.9189244199100055e+00
-2.642521819062358e+00
-2.0620652889259334e+00
-1.859858949001693e+00
-1.987474872795071e+00
-2.0500495741135096e+00
-2.466658725775022e+00
-2.879360089252632e+00
-3.0518073152120713e+00
-2.8782986237307884e+00
-2.765105311113218e+00
-2.8963296033126755e+00
-2.8969930093220992e+00
-2.7568922591965213e+00
-2.4915034648138277e+00
-2.354585053438058e+00
-1.9175103456665645e+00
-1.2094656427538488e+00
-6.088862280821067e-01
-3.277852045681447e-01
-5.646496998348931e-01
-7.805696261735913e-01
-1.0134074693516764e+00
-1.2645506863347968e+00
-1.3438770015403558e+00
-1.7147551208321794e+00
-2.159526833101669e+00
-3.034883439634098e+00
-3.6288479448545026e+00
-4.321590896514368e+00
-4.360115609485857e+00
-4.856124640293441e+00
-4.703121274590671e+00
-3.9403438025568533e+00
-2.927027911268995e+00
-2.7455504904230836e+00
-2.8019227700257083e+00
-3.07079398598777e+00
-3.831258176292869e+00
-4.965661994640015e+00
-4.880724638230336e+00
-4.48488361521131e+00
-3.9189587716491623e+00
-4.278048370184419e+00
-4.479250303091355e+00
-4.584730604718486e+00
-3.8331310388256457e+00
-3.850469978013952e+00
-3.2933169174043115e+00
-2.255191000196314e+00
-1.2682474115781848e+00
-6.596296981000214e-01
-1.4417647387948398e+00
-2.4364632725806477e+00
-3.019216889624467e+00
-3.469252194392524e+00
-3.7319956696827923e+00
-4.511879632299819e+00
-4.868326497245006e+00
-5.5869081136956e+00
-6.238271201354798e+00
-7.075946783563113e+00
-6.63076896063687e+00
-6.793024064100112e+00
-6.110343005063237e+00
-5.531210016519249e+00
-4.304110151751103e+00
-3.621474105748456e+00
-3.7015917336355293e+00
-4.778640930982443e+00
-5.687275429525548e+00
-6.677372299772209e+00
-6.2425829616519195e+00
-6.3142337232168595e+00
-5.725063515265327e+00
-6.117485660544061e+00
-6.447402916091144e+00
-6.737497524710876e+00
-5.66464391748652e+00
-5.164254646543508e+00
-4.010979952878567e+00
-3.132199466468891e+00
-1.8757695565157997e+00
-1.057104000523749e+00
-2.394264204411904e+00
-3.80412691513504e+00
-4.53105567696393e+00
-5.390526919308451e+00
-5.572696122530051e+00
-6.657338874718384e+00
-6.783545541202303e+00
-7.655324707882925e+00
-7.7423608008928175e+00
-8.83760040552531e+00
-7.953760466143584e+00
-7.9336527079488075e+00
-6.863399843013183e+00
-5.8407880718257275e+00
-3.9084558012202e+00
-2.896767486168938e+00
-3.6768606807956266e+00
-4.591697764409759e+00
-5.477514929600702e+00
-6.3081251936195875e+00
-6.115572992012304e+00
-6.835947134539187e+00
-6.675822450224957e+00
-7.17770504372127e+00
-7.048081189574246e+00
-7.541293861015426e+00
-6.3651604030358815e+00
-5.970847471435544e+00
-4.7914325247221035e+00
-3.64118140472912e+00
-2.012757730264257e+00
-1.5309081612406632e+00
-3.013923686620024e+00
-4.060026652066356e+00
-5.163508699693491e+00
-6.422224020454629e+00
-7.045911045298077e+00
-7.904354681858612e+00
-8.353025455241411e+00
-9.388031159048781e+00
-9.570248445587193e+00
-9.82070247488835e+00
-9.225069226713297e+00
-8.786400338650251e+00
-7.391722599792815e+00
-4.684618794404122e+00
-2.200050680785648e+00
-1.1699210299351241e+00
-2.208963464060217e+00
-2.9995452553951676e+00
-4.559771228485843e+00
-6.109028247749007e+00
-7.060637374030095e+00
-8.144371419091163e+00
-8.472250580340498e+00
-8.870153954244902e+00
-8.477495753291484e+00
-8.149172688778751e+00
-7.665795215331137e+00
-7.37315983285539e+00
-6.28726451370113e+00
-3.9424024149895907e+00
-1.9378807882176223e+00
-1.4134676292304331e+00
-2.4879677784036325e+00
-3.483004442086541e+00
-4.82528788483501e+00
-6.489844675433752e+00
-7.567921612133203e+00
-9.284387520392741e+00
-9.587915841624277e+00
-1.1186184602655667e+01
-1.115841806846642e+01
-1.17322184839952e+01
-1.0371561018857333e+01
-9.460703413788055e+00
-6.8750015629930505e+00
-3.4389320506100485e+00
-5.544646128477396e-01
5.01614959973933e-01
-1.1379178392421956e+00
-3.364415071608376e+00
-5.902507730971056e+00
-7.94067901863238e+00
-9.393232888611236e+00
-1.1914849386309466e+01
-1.1898062946749233e+01
-1.2797007101802071e+01
-1.154184588915042e+01
-1.1607005663721733e+01
-1.0026615711355808e+01
-9.305693334520207e+00
-7.117156689447638e+00
-4.293893984723623e+00
-1.676625087644748e+00
-1.1294331456198177e+00
-2.0302558390043863e+00
-2.8857849487957017e+00
-4.678456334694193e+00
-6.6520054455277196e+00
-8.484326261016085e+00
-1.096561372281865e+01
-1.1943463183522338e+01
-1.3099765426473331e+01
-1.2569366414717278e+01
-1.3043907203934872e+01
-1.0915888883009213e+01
-8.332213296532137e+00
-4.819938759227351e+00
-9.789969487032321e-01
1.0671749587201769e+00
9.362456391020324e-01
-2.4125809758659744e+00
-5.600133412839239e+00
-8.342352274773045e+00
-1.0806372788326268e+01
-1.3040154654264272e+01
-1.6795395208947795e+01
-1.750538224634631e+01
-1.8390947562471506e+01
-1.6724352527528843e+01
-1.6500546545179187e+01
-1.3566296659086698e+01
-1.0549980648070761e+01
-7.184421296120804e+00
-3.7402804512378642e+00
-1.2371140435977475e+00
-1.0239394290922519e+00
-2.0632916771862453e+00
-3.031275166480127e+00
-4.7850516096010685e+00
-6.9493775589786555e+00
-8.74641769794902e+00
-1.1864726604382984e+01
-1.3003608897305329e+01
-1.4121569187010294e+01
-1.2519400426491504e+01
-1.198941993825151e+01
-9.19342724865042e+00
-5.887551141645875e+00
-2.300648802722998e+00
1.5004379334324163e+00
2.191134076064552e+00
3.8612791575128386e-01
-3.9751540848351175e+00
-6.921150585965813e+00
-9.010539464506804e+00
-1.182950574714515e+01
-1.4454650813556187e+01
-1.8661362212428436e+01
-2.000089003960393e+01
-2.1540283951303795e+01
-1.8838846948673243e+01
-1.919217838302173e+01
-1.529708339394435e+01
-1.2210312563346822e+01
-7.85068125178132e+00
-4.005319440723348e+00
-1.2571023711093987e+00
-1.5169141632261225e+00
-2.995562548092497e+00
-3.8882745204714153e+00
-5.403674597417386e+00
-7.6700016541432285e+00
-9.79279215072948e+00
-1.2177769040578958e+01
-1.3338956850765614e+01
-1.3979378571926526e+01
-1.1730122074595293e+01
-9.010098057186191e+00
-5.84917711254869e+00
-2.9536183903610467e+00
-4.812585353015012e-01
2.5302521264431133e+00
2.2231074466692635e+00
-9.784657225393818e-01
-5.580298715421916e+00
-7.56463029149049e+00
-9.939010064946755e+00
-1.3134895566499578e+01
-1.6271526092032172e+01
-1.9420513508120532e+01
-2.1526146169011454e+01
-2.289403935170791e+01
-2.04477012737228e+01
-1.8738888562405766e+01
-1.5748539185754657e+01
-1.2588134215096586e+01
-8.874350428776662e+00
-4.061047832781341e+00
-1.0810071310102813e+00
-1.714003850129983e+00
-3.091032994546899e+00
-4.393021077684734e+00
-5.920765946245834e+00
-8.63145355272368e+00
-1.0353501343418527e+01
-1.218535436429359e+01
-1.2013127783755808e+01
-1.2038846479617343e+01
-9.355089797388244e+00
-6.291220595739054e+00
-2.7580066941628396e+00
-5.029351045045384e-01
1.0233042847747202e+00
2.638302508968731e+00
1.5354478735735242e+00
-1.0019820708542289e+00
-4.321770195091173e+00
-6.761333499337642e+00
-9.912843246543357e+00
-1.4196179007644506e+01
-1.700442778707077e+01
-2.079258638441405e+01
-2.1737027749771777e+01
-2.3795363475319782e+01
-2.1143227828371483e+01
-1.9203598740628447e+01
-1.4889347151508778e+01
-1.1942995398950606e+01
-8.62041529855746e+00
-4.828253158305418e+00
-1.4859281751082043e+00
-2.0479271718538894e+00
-3.674478594837026e+00
-5.236688069626807e+00
-6.901152396486355e+00
-9.047370291797785e+00
-9.593538148338721e+00
-1.0740524434073432e+01
-9.583418547808044e+00
-8.431344487154014e+00
-5.924383627405397e+00
-3.2038579400261886e+00
-5.991474935507152e-01
1.306200011608406e+00
1.9219363547107e+00
2.3751187796502546e+00
9.979764618930871e-01
-7.009412916041246e-01
-3.5635401062289644e+00
-6.293833135397652e+00
-1.067746221541075e+01
-1.5449196282062733e+01
-1.7875768072059113e+01
-2.125471887933545e+01
-2.23293410798671e+01
-2.3683870137358383e+01
-2.0376196755113128e+01
-1.8747125849280625e+01
-1.4878743147213367e+01
-1.1730807736246732e+01
-8.848180172861609e+00
-5.469323294338659e+00
-2.433915550638581e+00
-2.156741970121847e+00
-3.9894138189333077e+00
-5.5977986032768206e+00
-6.923538378024464e+00
-8.119133065796118e+00
-7.942908599509008e+00
-8.19515871582781e+00
-6.550848535676571e+00
-4.889384069355513e+00
-2.618466745260025e+00
-6.37658229807749e-01
8.81364365730467e-01
2.2517630691015253e+00
2.252430025369895e+00
2.2174084794891815e+00
1.2263306418008428e+00
-3.0434750906201565e-02
-2.8505007507071536e+00
-5.68490349148505e+00
-9.782879958926312e+00
-1.3851859431335026e+01
-1.6073796948185393e+01
-1.9617443958075587e+01
-2.0568221982014443e+01
-2.167018925223153e+01
-1.8514531296462675e+01
-1.83812558844919e+01
-1.5415824870069702e+01
-1.3191766959409378e+01
-1.0015846019456406e+01
-7.249054388037922e+00
-3.68563437907708e+00
-2.337384848299435e+00
-4.2966339143875505e+00
-5.5167262482430806e+00
-6.338175725937573e+00
-7.18932884614546e+00
-7.037844713497789e+00
-6.052525230240329e+00
-3.821567371381431e+00
-1.730258873939282e+00
3.404512136797557e-03
1.519142542401503e+00
2.156337613167618e+00
2.2825639626058445e+00
1.6886863500316194e+00
1.3458345659616764e+00
1.2609998685733403e+00
3.4002964861647716e-01
-2.2235953458727367e+00
-4.761114760915897e+00
-7.980393901832328e+00
-1.1372421567402906e+01
-1.4325157914755497e+01
-1.7042259705701678e+01
-1.8779080855585637e+01
-1.9873529355171947e+01
-1.7853549285504677e+01
-1.707192285093015e+01
-1.5793809330791653e+01
-1.4389323297070899e+01
-1.2061267961810826e+01
-8.120816371453772e+00
-4.23113303668611e+00
-1.9016755032923813e+00
-3.466611890375204e+00
-4.588238960026145e+00
-4.9644763764675455e+00
-5.565899703213435e+00
-5.286309054796619e+00
-4.180968658062784e+00
-1.5035749264525036e+00
7.826738480814709e-01
1.9693293986828524e+00
2.5683004194185983e+00
2.0606990999104635e+00
1.574941182447532e+00
3.235778886613366e-01
-3.646023172329972e-01
7.344791855525299e-01
1.4695408165141384e+00
-6.236340347169704e-02
-2.073453701881193e+00
-5.328096562692699e+00
-7.767825692282726e+00
-1.0731072704809936e+01
-1.4620160693895704e+01
-1.6324601808327817e+01
-1.8486881504020896e+01
-1.757353155033307e+01
-1.760248624523196e+01
-1.5735838011081363e+01
-1.5026690367522345e+01
-1.2523299006251518e+01
-8.47219635267879e+00
-4.070941836000061e+00
-1.4836066489127475e+00
-2.583368822066396e+00
-3.0904360207874357e+00
-3.254146755685647e+00
-3.5338067241304723e+00
-2.6600623909716745e+00
-1.203302510477889e+00
6.870341765973623e-01
2.109127652488324e+00
2.3586848574645867e+00
2.220721164115483e+00
1.361659741238851e+00
1.9652502410816078e-01
-1.6008860423789286e+00
-2.005893219579037e+00
1.4741172340431535e-01
2.3398380152571714e+00
1.6149758874294526e+00
-1.9571122799063695e-01
-3.0622734319554494e+00
-5.409663375215356e+00
-8.39441268950195e+00
-1.2002372741997553e+01
-1.4630887290723479e+01
-1.7128925313511488e+01
-1.6144976638549398e+01
-1.7287772621276627e+01
-1.5885617162971476e+01
-1.4876636676011241e+01
-1.1574145873468249e+01
-7.7950237824119535e+00
-4.253602815079135e+00
-8.769700652168412e-01
-1.632037622437658e+00
-1.829155184384325e+00
-2.1451685617830756e+00
-2.0170544387843035e+00
-7.779319007345754e-01
8.753777929822915e-01
1.798453230361905e+00
2.226664606801711e+00
1.4412108775459975e+00
1.0457296648140617e+00
5.361053872208353e-01
-5.86944534294922e-01
-2.135170769086296e+00
-2.2417175392337345e+00
1.9048751044137902e-01
2.5402577805586586e+00
2.0821519185474564e+00
9.157434162828305e-01
-1.2997516745709006e+00
-3.4381049937859354e+00
-6.380563808313289e+00
-9.26822480924462e+00
-1.1912650243312962e+01
-1.3838344281075187e+01
-1.3163220889929528e+01
-1.5153690402289433e+01
-1.4633654314925613e+01
-1.425880091413428e+01
-1.077787602440496e+01
-7.440251874096615e+00
-3.899360365229826e+00
-8.762524333816414e-01
-1.4454030957479875e+00
-1.5045373854345199e+00
-1.4149905592506014e+00
-8.904947053863744e-01
4.6093884902859095e-01
1.995878083868497e+00
2.182937014560391e+00
1.2191811841605817e+00
6.975191206002522e-02
-1.7738005653540395e-01
-5.342850114537834e-01
-1.4340609303155154e+00
-2.131412752737721e+00
-1.5749769274350565e+00
7.754930537096052e-01
2.4105318603208117e+00
1.5891441763484369e+00
8.905961445186623e-01
-2.574342498979926e-01
-1.9040998053211202e+00
-4.5957159392713605e+00
-6.968492474511268e+00
-9.093039529034339e+00
-1.0785399849389721e+01
-1.1012838449284315e+01
-1.2896184708014054e+01
-1.3973979293994624e+01
-1.38523978440733e+01
-1.0893680769366602e+01
-6.422591858695257e+00
-3.0434557115776566e+00
-5.983528251927228e-01
-9.951521893875053e-01
-1.0776691799471887e+00
-8.89071002906237e-01
-3.592048564919168e-01
8.758038827233868e-01
1.9046259444749762e+00
1.4907870374478924e+00
4.311246391187883e-01
-5.56717114730832e-01
-9.120074933592334e-01
-1.216674401606676e+00
-2.2801730343559745e+00
-2.1009313682469735e+00
-7.793563423460612e-01
1.7967763003092492e+00
2.9287301116390037e+00
1.813109297471436e+00
1.3254944732212994e+00
5.760365324113772e-01
-5.723446545163151e-01
-2.828178948443152e+00
-5.255149613734373e+00
-7.375808212588885e+00
-9.454001212656697e+00
-1.049721528011693e+01
-1.2322850030309683e+01
-1.2202521391151535e+01
-1.256181834282408e+01
-1.0046945825249335e+01
-6.281992051417874e+00
-2.544704476888243e+00
-5.196245867898951e-01
-9.116966781418541e-01
-1.3819722953206173e+00
-1.0692019805902255e+00
-2.6495710090827085e-01
6.039946904154428e-01
7.638705646721927e-01
-1.7729867203000169e-01
-1.1807276642036397e+00
-1.9471854430480593e+00
-2.130395155921021e+00
-1.9449308855051335e+00
-2.512032224363177e+00
-1.818454833770255e+00
-2.2849676491780543e-01
2.017064260674898e+00
3.3343184310154257e+00
2.366159914984686e+00
1.6887428589325275e+00
7.656959993725575e-01
-4.72728278939694e-01
-2.8489432416357157e+00
-5.295469551102882e+00
-7.647284914442403e+00
-1.0413098783464784e+01
-1.0913802665429955e+01
-1.206738235595382e+01
-1.1119622177375046e+01
-1.0640092184593755e+01
-8.490043256673573e+00
-5.4752073602988585e+00
-2.334828965455251e+00
-3.3446160465498337e-01
-1.2035270175683008e+00
-1.8870000553447699e+00
-1.791941738046636e+00
-1.2584574391446004e+00
-9.10252676688901e-01
-1.4623354724061344e+00
-2.5708121043143444e+00
-4.067364364029369e+00
-4.346930849458809e+00
-5.236775546048717e+00
-4.265268721358844e+00
-4.622553020516461e+00
-3.2795934851164534e+00
-2.195904294956902e+00
4.5491806886728287e-01
2.443255530305418e+00
2.172405723792929e+00
2.1939657311921623e+00
1.2811976095812327e+00
-5.858585213221655e-01
-3.9434998426923307e+00
-7.139564969711795e+00
-9.545665289396709e+00
-1.2028320648599786e+01
-1.1543911607062816e+01
-1.2421090785022505e+01
-1.0742218898805564e+01
-9.825761383495937e+00
-7.406040736593546e+00
-5.2053643825095595e+00
-2.3250011373561654e+00
-5.894659654146682e-01
-1.4918392762087733e+00
-2.0139809714004717e+00
-2.4391313319028236e+00
-2.7086416229824084e+00
-3.4572590123950726e+00
-4.952571178296335e+00
-7.364223017636881e+00
-9.926074364397293e+00
-1.040218081316421e+01
-1.0530393437341933e+01
-1.020339882511965e+01
-1.0783651275235972e+01
-9.468211805029666e+00
-6.657848314266304e+00
-2.343580216971375e+00
7.022820847645206e-01
1.4477630728464617e+00
2.3522026655095036e+00
1.6205149078657444e+00
-1.0113777787003624e+00
-5.647779907385347e+00
-9.31519193668575e+00
-1.20218680099342e+01
-1.3794783917027269e+01
-1.3189956784221517e+01
-1.294629270219041e+01
-1.1339531728466449e+01
-9.980890403744368e+00
-7.970789141488054e+00
-4.73411511908474e+00
-2.055149786182095e+00
-5.002878684688642e-01
-1.3057092644166695e+00
-2.0632580038839508e+00
-3.194476998729102e+00
-4.008259687102771e+00
-5.775108963006138e+00
-9.410743486487728e+00
-1.2181966715514578e+01
-1.6294449063409665e+01
-1.6576420927434985e+01
-1.9265274567760386e+01
-1.9241768357487967e+01
-2.1278507293716306e+01
-1.8011757964287536e+01
-1.3713986070659656e+01
-6.476203174759409e+00
-1.4442481002151062e+00
1.3202476814460566e+00
2.762841149755734e+00
1.916677541068614e+00
-8.77441302863656e-01
-5.543504152859807e+00
-1.0320177141646157e+01
-1.3342402884130124e+01
-1.5847652313901536e+01
-1.5200823680345332e+01
-1.5495741926087256e+01
-1.2807374340185126e+01
-1.1155170445723291e+01
-8.226777283681018e+00
-4.533852969263345e+00
-1.6267619415902221e+00
-6.880885128376321e-01
-1.5938446852217985e+00
-2.540369427235214e+00
-4.465432288818401e+00
-6.301299227673445e+00
-9.76001641944858e+00
-1.511852480913489e+01
-1.9738687587576493e+01
-2.3754218774179762e+01
-2.4938052962393854e+01
-2.9990052387941805e+01
-3.0661158130170346e+01
-3.116804553907651e+01
-2.6180145541760847e+01
-1.9724489619280845e+01
-1.1267580052139888e+01
-3.572339659227001e+00
3.783678514511547e-01
3.064154687375094e+00
2.199479535265959e+00
-9.670231428588266e-01
-6.215770183765499e+00
-1.1340493497406698e+01
-1.4593314132184428e+01
-1.7134498993370823e+01
-1.6168860011933766e+01
-1.7181393015096567e+01
-1.468851436722515e+01
-1.2107174900773593e+01
-7.92816367123362e+00
-3.6326123127888916e+00
-1.022869982666936e+00
-1.102999687908073e+00
-2.226326314640813e+00
-3.2881954113927505e+00
-5.476751588649259e+00
-8.482265837228695e+00
-1.290181894805957e+01
-1.968080369044855e+01
-2.4541236689537904e+01
-2.895961861556953e+01
-2.9558663384989114e+01
-3.686242614116136e+01
-3.638098430887153e+01
-3.6969628496929225e+01
-2.9397828203441808e+01
-2.3831660592294803e+01
-1.4542862632074234e+01
-7.044671336269146e+00
-1.5351475795179468e+00
2.9973429964666645e+00
2.882712481136699e+00
-2.9304468578565107e-01
-5.96800749313014e+00
-1.1016206499719743e+01
-1.3759111661862008e+01
-1.5878288117920139e+01
-1.5187974606113688e+01
-1.763407342917277e+01
-1.5722235862601968e+01
-1.326597746719553e+01
-7.998214784731948e+00
-3.389132149497941e+00
-5.850626131684021e-01
-1.8213964484992333e+00
-3.7269446494569025e+00
-4.430493984835121e+00
-6.956409703551221e+00
-1.0889898611996454e+01
-1.724050048129883e+01
-2.3682521904348697e+01
-2.8805790409907324e+01
-3.347584065285817e+01
-3.556419001957909e+01
-3.953649879055237e+01
-3.9928406437784396e+01
-3.870295089573427e+01
-3.204782288975481e+01
-2.447234304407593e+01
-1.607117665616172e+01
-8.393489104572284e+00
-3.134470627405065e+00
2.6566296850361546e+00
3.1738873154597034e+00
-4.684412535378056e-01
-6.3446453715683e+00
-1.027280264807055e+01
-1.3015365229465218e+01
-1.4697828259938342e+01
-1.4679261098538705e+01
-1.650781071038813e+01
-1.5673208613034634e+01
-1.316874113934128e+01
-8.640505473077365e+00
-3.1052408625746777e+00
-4.611685302286005e-02
-2.4045185676836316e+00
-4.2477059332698195e+00
-5.610303682138516e+00
-8.099750302139347e+00
-1.3561739325152566e+01
-1.9504859717685328e+01
-2.7187898465278817e+01
-3.1339356577926047e+01
-3.862949793426595e+01
-4.018807967839035e+01
-4.34276360671411e+01
-4.094487540911351e+01
-4.168469373197234e+01
-3.444225654960264e+01
-2.6931732100952654e+01
-1.6381266061326123e+01
-8.19683753501726e+00
-2.345796874306336e+00
2.712730319012164e+00
3.2212909866798065e+00
-4.871720819995404e-01
-5.915524468405601e+00
-1.0326884502817807e+01
-1.3155396578237042e+01
-1.5530720880504113e+01
-1.5235717628766695e+01
-1.5939572626401034e+01
-1.3748456252311376e+01
-1.203779485231588e+01
-8.288193139507179e+00
-3.6261947851831686e+00
-3.7037944638716247e-01
-3.674260939322893e+00
-6.122504345183981e+00
-8.317257411848889e+00
-1.1666349779255897e+01
-1.6707709535791214e+01
-2.2018353632597584e+01
-2.955668956418326e+01
-3.478137076733787e+01
-4.060822684239798e+01
-3.94855557071915e+01
-4.3732279628992394e+01
-4.281411462780632e+01
-4.2505712316793726e+01
-3.578967090985844e+01
-2.8174954320201284e+01
-1.7504078730243993e+01
-6.365732965441378e+00
-7.98845993398384e-01
3.107211095154533e+00
2.5583220282388517e+00
-1.0508953523366678e+00
-6.767568405698667e+00
-1.1529281349766377e+01
-1.4342416644197055e+01
-1.6063832094193028e+01
-1.4241784695340453e+01
-1.4450138840901824e+01
-1.2530430101261725e+01
-1.0586905546762853e+01
-7.657464046278253e+00
-3.9447098118144304e+00
-9.129320811708678e-01
-4.731611188025192e+00
-7.706555046286038e+00
-1.0655284670433808e+01
-1.3250101703726658e+01
-1.7174944684913882e+01
-2.0357209913732277e+01
-2.703523550538633e+01
-3.0400717755590268e+01
-3.3942249564863204e+01
-3.279393422031826e+01
-3.8061049059559515e+01
-3.792276529348554e+01
-3.8364876665427744e+01
-3.20075144886277e+01
-2.6431765019390575e+01
-1.5954220172385826e+01
-6.58998442350073e+00
-5.557280727654297e-01
3.490113929001359e+00
2.6599819587779736e+00
-9.229801802211978e-01
-6.666670400009736e+00
-1.1369262959903304e+01
-1.3076455464070428e+01
-1.3766017089182242e+01
-1.2097294398566959e+01
-1.2886019345665336e+01
-1.1225054961977312e+01
-9.656472046999863e+00
-6.725757365897777e+00
-4.002202277915665e+00
-1.5292053676190036e+00
-5.369054690207134e+00
-9.55117119701044e+00
-1.2028694521070701e+01
-1.3619464788785445e+01
-1.6084305674219603e+01
-1.9064600306314034e+01
-2.2137228499881942e+01
-2.355882527840842e+01
-2.487207257845001e+01
-2.5362914257693845e+01
-2.7665991162132528e+01
-2.8939759841035617e+01
-2.9854213765386916e+01
-2.6620153522198002e+01
-2.001884997507765e+01
-1.3187764901745286e+01
-6.243865355667919e+00
-2.5940041816199195e+00
1.2118763721242953e+00
9.694670815207872e-01
-1.806012774263367e+00
-6.14930743919897e+00
-8.537167482124792e+00
-9.48694492893768e+00
-1.0397309312334185e+01
-1.020577056550913e+01
-1.0454209273581746e+01
-9.210202951840204e+00
-7.752874952559717e+00
-5.872695837978641e+00
-3.3434688677375406e+00
-1.7272514847916964e+00
-5.191695799526524e+00
-8.716036838358544e+00
-1.1384028841892201e+01
-1.2156539046611115e+01
-1.4390687730546112e+01
-1.618687527983281e+01
-1.817036837470722e+01
-1.743479072177321e+01
-1.757317890212369e+01
-1.7538558516330475e+01
-1.9280268779848676e+01
-1.9122368631593353e+01
-2.0760619555384565e+01
-1.8655134338236834e+01
-1.5354684449654698e+01
-1.1257965652093098e+01
-7.224370917470718e+00
-5.019233681343756e+00
-2.7553982419327823e+00
-2.770610306349848e+00
-4.125994190482428e+00
-5.038650739403709e+00
-5.624232902846558e+00
-6.5032491196531055e+00
-7.676395115309052e+00
-8.07038851520617e+00
-8.192511407575314e+00
-6.67534231169811e+00
-5.996129734924756e+00
-4.9718017566983415e+00
-3.61582337341334e+00
-2.243076046944929e+00
-4.184751286460461e+00
-7.1534758319597325e+00
-9.217581464680926e+00
-1.0080908897245376e+01
-1.166206605524847e+01
-1.1465323085755836e+01
-1.3451280288066958e+01
-1.3027124311559612e+01
-1.2011589759344911e+01
-1.1283143696628935e+01
-1.2169544959120964e+01
-1.1451204561039859e+01
-1.1170466285688853e+01
-1.0376495231858712e+01
-1.0047245570909626e+01
-8.669272161777554e+00
-5.846692244422018e+00
-4.543407072617204e+00
-3.9580650157147814e+00
-3.9169772926036135e+00
-3.4858889035361003e+00
-3.2312797886646965e+00
-3.913470443561537e+00
-4.467832313408451e+00
-5.3045543852339385e+00
-5.207131302999491e+00
-5.30146034393969e+00
-4.284052843976064e+00
-4.160869384245022e+00
-3.8163949208109136e+00
-3.227682969122261e+00
-1.9943920633441823e+00
-2.4056885851249747e+00
-4.371531752808376e+00
-5.350425934466654e+00
-5.91128015624573e+00
-6.739013188546108e+00
-6.47292046457769e+00
-7.816451151379784e+00
-7.629367620901839e+00
-7.192002381054522e+00
-6.311124271407289e+00
-6.292043572607582e+00
-5.612892301055467e+00
-5.5284430749319045e+00
-5.049595008694071e+00
-5.335339879869445e+00
-4.823927906665034e+00
-3.1359664593786385e+00
-2.4579540336272663e+00
-2.2537562696238265e+00
-1.5623260492565247e+00
-9.055175613346236e-01
-1.3896210372373825e+00
-2.305707122330914e+00
-2.711565367805696e+00
-2.9732456375264182e+00
-2.778340718455648e+00
-2.8362002623535774e+00
-2.2688037938551884e+00
-2.2847800042036557e+00
-2.071082054974548e+00
-1.7516467855635784e+00
-9.832612494639899e-01
