-2.8363796883582426e-01
-6.003473894900822e-01
-6.944396251935121e-01
-9.054539401004381e-01
-9.459323382430689e-01
-9.765429365720537e-01
-1.0948721950435003e+00
-1.4142959929178347e+00
-1.8244546196255333e+00
-2.048524625493802e+00
-1.9809843727615861e+00
-1.7988895758539745e+00
-1.7337747852403858e+00
-1.8833744772817034e+00
-2.085899812652112e+00
-2.4685465688941073e+00
-2.7784745512588493e+00
-2.6917647532924045e+00
-2.3318719069388782e+00
-2.233248096344942e+00
-2.5619276944955565e+00
-2.931156181309751e+00
-3.170977055881138e+00
-3.367642069505543e+00
-3.604671779783976e+00
-3.1642772130575807e+00
-2.539551335705398e+00
-1.9244483086850417e+00
-1.662521970845813e+00
-1.1323648623593896e+00
-5.350025579826065e-01
-1.3589198234945782e-01
-5.592502826216847e-01
-9.860367975708887e-01
-1.4111144596561922e+00
-1.7946826534943705e+00
-2.107428968665606e+00
-2.128737301953446e+00
-2.5015764116214e+00
-2.7085147324613046e+00
-3.3869991866849207e+00
-3.5401246880993926e+00
-3.7454774573787315e+00
-3.212340398280537e+00
-3.274166130473391e+00
-3.2269712368930783e+00
-3.5500377618638552e+00
-3.6196821095817873e+00
-4.032950272343864e+00
-3.883934882113386e+00
-3.9804651659953634e+00
-4.202632199745152e+00
-5.283854943407331e+00
-5.408116138501268e+00
-5.648141244415676e+00
-5.359385505899325e+00
-5.760912248478868e+00
-5.203882251761352e+00
-4.5256989757398e+00
-3.2295886062529786e+00
-2.702136831725413e+00
-2.051012378901207e+00
-1.2738330162089835e+00
-5.94170095793542e-01
-1.011810878228312e+00
-2.0094385681882354e+00
-3.14319890338964e+00
-3.773332962921256e+00
-4.353924282284639e+00
-4.588742037584581e+00
-5.365695851850061e+00
-5.425655811970808e+00
-5.98750109428263e+00
-6.190250417771669e+00
-6.534374195535097e+00
-5.518153193971685e+00
-5.14112399778586e+00
-4.9404311574031015e+00
-5.476572362113008e+00
-5.5300393761804605e+00
-5.8620901961619625e+00
-6.088289693064595e+00
-7.280835985984154e+00
-7.958368013889158e+00
-8.687826826305642e+00
-8.550555340927664e+00
-9.058014198932401e+00
-8.415097448060324e+00
-8.293868665938543e+00
-7.543809725346242e+00
-7.129003979218881e+00
-5.573910746405802e+00
-4.5089949809902e+00
-3.3351995230408855e+00
-2.4587338011737763e+00
-1.468410970148522e+00
-1.329357876299924e+00
-2.694963279858397e+00
-4.10510196928488e+00
-4.934655973609458e+00
-5.986856531335839e+00
-6.183347190271986e+00
-7.224958207010778e+00
-7.1757347433801275e+00
-7.912330544740381e+00
-7.678864075719758e+00
-8.070723620610437e+00
-6.596036457927014e+00
-6.140654645585313e+00
-5.786471285193379e+00
-6.04348109413405e+00
-5.932363201380999e+00
-6.455778333901697e+00
-7.4585068215986245e+00
-8.89462133206362e+00
-9.394914702756088e+00
-1.033164930047888e+01
-1.0020194755218919e+01
-1.1075378285244952e+01
-1.0193222205296667e+01
-1.019270102385952e+01
-8.989971945272933e+00
-9.127343411230504e+00
-7.590786375580134e+00
-6.879238812128092e+00
-5.156030161935571e+00
-3.9570063812042173e+00
-2.575713103156153e+00
-1.4765719960907133e+00
-2.8616992925966964e+00
-3.9348647899508435e+00
-5.175521551563061e+00
-6.548994810034777e+00
-7.229490544390115e+00
-8.073526538278049e+00
-8.340925723988297e+00
-8.93943213966135e+00
-8.581895912194852e+00
-8.052317038920458e+00
-7.04227093762703e+00
-6.6662770393089765e+00
-6.434804868598305e+00
-5.687356119923447e+00
-5.270051822987387e+00
-6.110283481057848e+00
-7.567474302535756e+00
-8.394956133460083e+00
-9.420500805349944e+00
-1.0711864728884514e+01
-1.1498735228498061e+01
-1.258223826576931e+01
-1.2586038879635954e+01
-1.2659360866918169e+01
-1.1797964765130905e+01
-1.0888425833589931e+01
-9.83528541819095e+00
-9.08920658946011e+00
-7.379680865178882e+00
-5.193339328653117e+00
-3.2697078190632234e+00
-1.147170269864721e+00
-2.2103610405823244e+00
-3.3428877435660236e+00
-4.674216297900736e+00
-6.38094572645979e+00
-7.41984452187812e+00
-8.823219835841014e+00
-8.620473935310788e+00
-9.370612657281844e+00
-8.758876542516203e+00
-8.494624876411406e+00
-7.088772301305525e+00
-6.755288867155439e+00
-5.919804710989625e+00
-4.717955510670344e+00
-3.8231020969753287e+00
-4.462674909489144e+00
-6.053029074127646e+00
-7.918936522007514e+00
-9.432130020164074e+00
-1.136312338737997e+01
-1.2653853352226973e+01
-1.5107629266450585e+01
-1.5188724811825702e+01
-1.6401835193433335e+01
-1.5057895647435334e+01
-1.468006609959504e+01
-1.2302283216360985e+01
-1.1572220727968853e+01
-8.983958918339198e+00
-6.318837926819131e+00
-3.598747998837918e+00
-9.049010352534148e-01
-1.8413373466613976e+00
-2.894623326566004e+00
-4.4399400931159105e+00
-6.187685585593688e+00
-7.466494572608519e+00
-9.060696132063123e+00
-8.998141595584157e+00
-9.161470238336166e+00
-8.517121730887984e+00
-8.720913894945122e+00
-7.278039272761262e+00
-5.860787810470481e+00
-4.173247100392345e+00
-2.3664412659386524e+00
-1.2779009601763123e+00
-1.6901029767715066e+00
-4.1803284437944725e+00
-6.928615292731068e+00
-9.199452516345463e+00
-1.1624289189489842e+01
-1.3529310896480858e+01
-1.696871261961082e+01
-1.8003285809711432e+01
-1.9263130895493696e+01
-1.825934289977155e+01
-1.8785410817306886e+01
-1.6046930410188004e+01
-1.324962358565957e+01
-9.452916154968912e+00
-6.3456047695469096e+00
-3.5708938645451305e+00
-7.685282768354471e-01
-1.8810541659994369e+00
-3.0348681436228024e+00
-4.491670890650705e+00
-5.968974510249479e+00
-6.770134883705042e+00
-8.355988376839944e+00
-8.643799790807257e+00
-8.890741836580629e+00
-8.128834731255758e+00
-7.990493891897504e+00
-6.3506093235133205e+00
-4.309715879449503e+00
-2.177709405586812e+00
3.345711919384866e-01
1.1015217722767758e+00
5.779351397615249e-01
-2.289339668618135e+00
-4.510296957983902e+00
-7.135639862801942e+00
-9.55719609622754e+00
-1.1791776904383498e+01
-1.5099270664202741e+01
-1.68501302821861e+01
-1.8900273644151476e+01
-1.8342781135613286e+01
-2.0282552693315687e+01
-1.7303477195172437e+01
-1.4130405184809113e+01
-9.656806994542546e+00
-6.190788045754925e+00
-3.1134856854490756e+00
-1.1416736644952645e+00
-2.5772550556195384e+00
-3.554155697243858e+00
-4.6123652530839685e+00
-5.994076122150928e+00
-6.781804422379503e+00
-7.902561487195741e+00
-8.52713279925963e+00
-9.144732296226065e+00
-8.14855053470219e+00
-6.397885403792211e+00
-4.274242088046367e+00
-2.452179762271979e+00
-6.514298146151094e-01
1.7857216468786956e+00
2.4895945919230678e+00
1.235453413174466e+00
-1.281928225958726e+00
-2.752998233702953e+00
-4.758391278052338e+00
-6.9875524530699e+00
-9.41134826018664e+00
-1.1964797567273106e+01
-1.4914398770384587e+01
-1.749631146849476e+01
-1.784586790232465e+01
-1.854285527422352e+01
-1.6778473874612725e+01
-1.3926504615832828e+01
-1.0273028769567254e+01
-5.703595390006055e+00
-2.5961864347456496e+00
-1.235018625540277e+00
-2.4836937996410096e+00
-3.715114644293334e+00
-4.8557065057837825e+00
-6.557854678343582e+00
-7.396630231398346e+00
-8.914198726594632e+00
-8.983360832035657e+00
-9.492886117739276e+00
-7.7325395119447995e+00
-5.4945444123528935e+00
-2.5575371853405673e+00
-6.607915011590839e-01
7.958943317479403e-01
2.3609589512278712e+00
2.4455474947872706e+00
1.574380002433643e+00
-9.756782821363405e-02
-1.2163030174480227e+00
-2.8053540909266093e+00
-4.438189269064521e+00
-6.745442659183789e+00
-1.0284287782616355e+01
-1.297605863670002e+01
-1.625122677786771e+01
-1.6428393566638633e+01
-1.683991713633006e+01
-1.4159403102189241e+01
-1.2538206666598361e+01
-9.753125240275885e+00
-6.242640269573196e+00
-2.7767794965893553e+00
-1.477510810476967e+00
-2.8189842830154803e+00
-4.345261266335675e+00
-5.843131253137399e+00
-7.263088663866894e+00
-7.8668908775988715e+00
-9.345049048167352e+00
-9.01699977707254e+00
-8.743886288924134e+00
-6.661961201022362e+00
-4.119396984910367e+00
-1.2027585081140355e+00
1.1200868672548234e+00
1.8266715500063526e+00
2.3489792324735084e+00
1.8284730419803716e+00
9.549997461392437e-01
-2.472223005404407e-01
-6.627246946211972e-01
-1.4825744963589913e+00
-2.9489183066157283e+00
-5.5178536033903045e+00
-8.925377156099525e+00
-1.1670200730798673e+01
-1.4312800618965044e+01
-1.3398107987501328e+01
-1.3767834265257726e+01
-1.1849082257239582e+01
-1.0365718514987366e+01
-8.284229469022037e+00
-5.637996566217485e+00
-2.7220405027746706e+00
-1.5861324212358008e+00
-3.2763820714582055e+00
-4.901785214278208e+00
-6.1705555517777855e+00
-7.274677349989455e+00
-7.365297772113234e+00
-8.627157510934016e+00
-8.187944944756591e+00
-7.843863364207015e+00
-5.59904716204905e+00
-2.972492841821416e+00
-1.2393877111289177e-01
1.8586437758006087e+00
1.9280739370072324e+00
1.9032417730435944e+00
1.0777429236545306e+00
1.980546499719593e-01
-6.6267619642427e-01
-4.3591910659591593e-01
-5.463555379653684e-01
-1.955561454104358e+00
-4.626283353029443e+00
-7.395712063441833e+00
-9.622560791351116e+00
-1.1165532939941938e+01
-1.03137798547462e+01
-1.0864550834550206e+01
-9.573469583849464e+00
-8.606466629635705e+00
-6.729972474985146e+00
-4.835311407873792e+00
-2.4099044586930725e+00
-1.8833576885540948e+00
-3.762244385017056e+00
-4.984899056699132e+00
-6.161230912152124e+00
-7.51762960096703e+00
-7.829271476612739e+00
-8.438352954968183e+00
-7.975834637712336e+00
-7.378285743233829e+00
-5.137032027826172e+00
-1.772621577784698e+00
9.957512901152488e-01
2.181402327884343e+00
1.479483072142568e+00
6.977617471614344e-01
-1.0692956052665703e-01
-5.236541513517602e-01
-5.59150537337701e-01
-1.495957707020063e-01
-2.3821818878355022e-01
-1.6853292917040343e+00
-4.204407089720463e+00
-6.004869781260284e+00
-7.249479649083998e+00
-8.71849218876032e+00
-8.413086861710209e+00
-8.30118962129565e+00
-7.252028541127976e+00
-6.739615473514686e+00
-5.7464853267647165e+00
-3.781388232460835e+00
-1.9458806081647992e+00
-1.6879737079396506e+00
-3.2617698173483616e+00
-4.762886674298047e+00
-6.065189470659373e+00
-7.922248557182941e+00
-8.384347120228544e+00
-9.176251447001249e+00
-7.698366598923756e+00
-6.465549192922157e+00
-3.8880433045530323e+00
-1.115443599880814e+00
1.6575718552736498e+00
2.748018952019694e+00
1.3455908482531362e+00
-1.412919708849503e-01
-7.115847504358175e-01
1.5962921741028275e-02
7.106091237951807e-01
7.897374779116259e-01
-3.9840670848978986e-02
-1.1110320565552667e+00
-2.9097256775486127e+00
-4.778855605154896e+00
-5.980918651550193e+00
-7.326613388563974e+00
-7.445641354802292e+00
-7.654864486290679e+00
-5.867371086307426e+00
-5.335060148554841e+00
-4.872890129390781e+00
-3.8279112587665147e+00
-2.0137462891939024e+00
-1.6395205110758289e+00
-3.2127419736535354e+00
-4.969494148623391e+00
-6.747043417848743e+00
-8.376330618635045e+00
-8.330525192885107e+00
-8.890583943955258e+00
-7.1781522747668305e+00
-5.6667101163929186e+00
-3.6467100903324843e+00
-9.474853210159533e-01
1.6531968841916536e+00
2.6206160561808525e+00
1.0128522998879703e+00
-1.905258716783694e-01
2.8388216205001492e-02
1.2251120274016571e+00
1.7362027081445237e+00
1.3332618417443112e+00
-1.1669733237282835e-01
-1.379052017970915e+00
-3.2773871125403193e+00
-5.034993313283212e+00
-6.638232383896286e+00
-8.281290441714571e+00
-8.180646656807113e+00
-8.117007501435978e+00
-6.282856867464447e+00
-5.545843239546894e+00
-5.056809605157002e+00
-4.2635740976558365e+00
-2.59834776276542e+00
-1.422138763443101e+00
-3.2096160968579657e+00
-5.040760840184999e+00
-6.628002468849764e+00
-7.627629586634893e+00
-6.9089248729758355e+00
-7.535978434449498e+00
-6.683629570999366e+00
-6.199571640359657e+00
-4.132144949204776e+00
-2.3786718112929743e+00
-8.897783450076414e-02
7.245113807679727e-01
-7.041096242996697e-02
4.4201486383514127e-01
1.305287074602264e+00
2.4209424744250976e+00
2.1024369710676942e+00
1.394074165454693e+00
-5.118165344796195e-01
-2.291160809541274e+00
-4.505544386666502e+00
-6.781977159724052e+00
-8.336156901091174e+00
-1.0137488415762004e+01
-9.310995063396966e+00
-9.793291118418393e+00
-8.303874827934715e+00
-7.665282038044199e+00
-6.054984904167097e+00
-4.74951472370767e+00
-2.863498311911425e+00
-1.6024931592980518e+00
-3.5287203437526435e+00
-4.776905055863971e+00
-5.873597097230271e+00
-6.6666015058405135e+00
-6.3792360797521885e+00
-7.012037275416427e+00
-7.3236655349506306e+00
-7.580696112586034e+00
-6.22483209107369e+00
-4.642769513242726e+00
-2.936154611629212e+00
-2.149824239868476e+00
-1.4147907693423338e+00
9.277260956651877e-01
2.674326535013698e+00
2.982465283585471e+00
1.7527961406554637e+00
5.991644147333467e-01
-1.653170193573389e+00
-4.112522749130816e+00
-7.077613096838951e+00
-9.439140831420094e+00
-1.1127981748486743e+01
-1.2839656600723933e+01
-1.2347007506553993e+01
-1.2242227031815228e+01
-1.13477565123891e+01
-1.0458025696881801e+01
-8.12514453284812e+00
-5.083476863935903e+00
-2.65504714115325e+00
-1.4397977771466723e+00
-2.88901921569248e+00
-4.1277065865190155e+00
-5.120942957931565e+00
-6.63782507238329e+00
-7.435365345130055e+00
-9.191695027823817e+00
-9.204288385213182e+00
-1.022633706922702e+01
-8.870297626763074e+00
-8.135000015536749e+00
-6.131023464402986e+00
-4.912386138776306e+00
-2.63897702227323e+00
5.154576224838485e-01
2.955130149668674e+00
3.3849704973991246e+00
1.7893862223218395e+00
-6.997708471070513e-02
-3.03702024333322e+00
-5.95864528988826e+00
-9.060553379320176e+00
-1.2596470714404722e+01
-1.4073669743754948e+01
-1.6686280072027532e+01
-1.6263852906351847e+01
-1.6127527615787173e+01
-1.3080541384536797e+01
-1.207084133957709e+01
-9.16739284405208e+00
-5.735729951459547e+00
-2.4612193342724233e+00
-1.4709111757357982e+00
-2.8406821761213163e+00
-4.525341695688629e+00
-6.388764744762297e+00
-8.34673051853852e+00
-9.58692893306064e+00
-1.2014128429798776e+01
-1.2708739648534252e+01
-1.3807872451948505e+01
-1.2886183409730561e+01
-1.2460106764489517e+01
-1.0033663099810825e+01
-7.533739746214314e+00
-4.449537846697041e+00
-5.118800581481593e-01
2.2291778961262807e+00
3.2582661765485623e+00
1.5581946971558e+00
-6.970517390948701e-01
-4.668293482085796e+00
-8.76576676756563e+00
-1.280087631884572e+01
-1.7342975679454696e+01
-1.9344006605274867e+01
-2.1886345950773126e+01
-2.0302347606550814e+01
-1.987523325398633e+01
-1.603927593188648e+01
-1.3098867775001802e+01
-9.45034531325982e+00
-5.902807779369911e+00
-2.714846457473277e+00
-1.4323788241611641e+00
-3.382300481880108e+00
-5.381232313473208e+00
-7.461665927769093e+00
-9.642146263901232e+00
-1.1154553340956786e+01
-1.44830898501406e+01
-1.5673826434759464e+01
-1.724492258958347e+01
-1.5647817953208591e+01
-1.6441523054269663e+01
-1.3595730732792928e+01
-1.1728039553111776e+01
-7.523996659360165e+00
-2.7387622216581393e+00
1.248457826196323e+00
3.017957090019729e+00
1.1487416153544472e+00
-1.1488164571762196e+00
-5.421814457870797e+00
-1.059656257706793e+01
-1.5678859244660313e+01
-2.1536586847478723e+01
-2.3357383024737047e+01
-2.547731439653565e+01
-2.206143484316626e+01
-2.2341326984410983e+01
-1.812522795450353e+01
-1.4693534079552698e+01
-9.835415359895952e+00
-6.159885155246627e+00
-2.828706442625869e+00
-1.8579334375276488e+00
-4.306449214447878e+00
-5.882792929452912e+00
-8.07334066370669e+00
-1.0831348055427485e+01
-1.350311042772772e+01
-1.6981973023787056e+01
-1.9579546492279295e+01
-2.157747034275229e+01
-1.9979323814542276e+01
-1.9148992315663335e+01
-1.7064903902726606e+01
-1.4872283635384623e+01
-1.0684789596183162e+01
-4.5227945914418894e+00
6.511693949931224e-01
2.860209093373373e+00
8.859243476466312e-01
-1.8327393011349173e+00
-7.060467620839799e+00
-1.308304377298243e+01
-1.9557972349695323e+01
-2.4559317585360635e+01
-2.683199320772817e+01
-2.7854787693991632e+01
-2.4913501072490323e+01
-2.310023022395169e+01
-1.948301669312881e+01
-1.574682841300756e+01
-1.113330436710136e+01
-6.033501806665368e+00
-2.731938513080783e+00
-1.7546006829442744e+00
-3.7375521175375837e+00
-5.641295055051334e+00
-8.248460162229959e+00
-1.188177935126574e+01
-1.5418198014875035e+01
-2.0871462371171127e+01
-2.288055475513409e+01
-2.5904990605375502e+01
-2.3233819685123382e+01
-2.2428885953169374e+01
-1.830494264521034e+01
-1.5839762835254144e+01
-1.1026607927970794e+01
-5.209356087356286e+00
6.118575636399719e-01
3.582148655864869e+00
1.7204771821237075e+00
-2.2289237907350965e+00
-8.350659528219657e+00
-1.469715747339256e+01
-2.0244556337475146e+01
-2.644610670435649e+01
-2.7588592483583003e+01
-3.013585859983763e+01
-2.7396702475221208e+01
-2.5720327183538274e+01
-2.004115488507043e+01
-1.638988032108346e+01
-1.1205697093335093e+01
-6.41011694323262e+00
-2.7540295710548333e+00
-1.8926507486906299e+00
-3.726016651401831e+00
-5.747236402615249e+00
-9.38244751492147e+00
-1.3644538500379028e+01
-1.8274319335008204e+01
-2.4736564537559534e+01
-2.712729098546598e+01
-2.899776341887528e+01
-2.591327736714475e+01
-2.5195958816996967e+01
-2.0343537253357216e+01
-1.5501834160500703e+01
-1.002668888890466e+01
-3.7432319307272457e+00
1.0295771798646045e+00
3.7313855574206656e+00
1.151994029399574e+00
-3.179665137615143e+00
-1.0043868267599558e+01
-1.6560194883952864e+01
-2.214987733650389e+01
-2.8249276306088436e+01
-2.9651549462000045e+01
-3.120059603573093e+01
-2.7554819038270583e+01
-2.630433244483072e+01
-2.089849766041201e+01
-1.564578404213373e+01
-1.0170102105306862e+01
-5.4559694602093005e+00
-2.3080146148654244e+00
-1.946313041925325e+00
-4.081162702079853e+00
-6.174335953363285e+00
-9.37738081637898e+00
-1.3590652589763465e+01
-1.7758871633188576e+01
-2.4547017685229346e+01
-2.6957507084255166e+01
-2.884969318154964e+01
-2.5499504282885553e+01
-2.5565314599209408e+01
-2.0640701099128272e+01
-1.5531554723996514e+01
-8.94320615486108e+00
-2.7880002086583686e+00
1.5458186171460033e+00
3.4793052139909393e+00
3.036584943005144e-01
-3.6923732969289307e+00
-9.7678946702633e+00
-1.608625062900796e+01
-2.1232898202218742e+01
-2.7658242681867304e+01
-2.8687724677867266e+01
-2.9774411151759782e+01
-2.5343900920096054e+01
-2.4675169793392037e+01
-1.949656716426272e+01
-1.451048401746232e+01
-8.793092179042432e+00
-4.147596713188194e+00
-1.3928198135628604e+00
-2.399812865602409e+00
-5.1184615145743155e+00
-6.824960312489405e+00
-9.349160093311632e+00
-1.3141087250461506e+01
-1.721644702400828e+01
-2.2102986362482508e+01
-2.536655764941621e+01
-2.7687002213447727e+01
-2.564589440865812e+01
-2.398562554663531e+01
-1.9636451537326945e+01
-1.4718095295813884e+01
-9.13477501258307e+00
-1.7493069061851376e+00
2.6670987320042148e+00
2.83545878788017e+00
-1.3511560248325758e+00
-4.751461585255044e+00
-1.0215197056510657e+01
-1.5652753042824445e+01
-2.0673827741670728e+01
-2.5290261086073894e+01
-2.6454694005403425e+01
-2.6844344164322877e+01
-2.3506402681054926e+01
-2.094954325857321e+01
-1.6867751105376904e+01
-1.2344499675920746e+01
-7.628349592771463e+00
-2.4612993512638943e+00
-1.7459716628321792e-01
-2.457041466108268e+00
-4.6125939361267045e+00
-6.7521628792079085e+00
-8.956701472466138e+00
-1.3280385788686736e+01
-1.630756999857348e+01
-2.058825668262656e+01
-2.3045288106266003e+01
-2.7078998797098127e+01
-2.5234273434884617e+01
-2.3217705022147214e+01
-1.7433342028314982e+01
-1.2564712089533396e+01
-6.931556151743639e+00
-7.756022681643385e-01
3.147703176719874e+00
3.174587777948698e+00
-8.657602322001338e-01
-4.689779552821604e+00
-9.748826121410628e+00
-1.522831866050232e+01
-1.870082763269339e+01
-2.3169539378119538e+01
-2.3898663606417553e+01
-2.536727472735612e+01
-2.2352622922090582e+01
-1.9661895224129644e+01
-1.4081474717831965e+01
-1.0237166423580744e+01
-6.250908176805222e+00
-2.3769152573223886e+00
-2.6606274249524103e-01
-2.661178204368619e+00
-4.718999249428048e+00
-7.102538000364932e+00
-1.0006320250750575e+01
-1.332902453780513e+01
-1.5275234259099175e+01
-1.9191864274962505e+01
-2.1551999052099248e+01
-2.4226244656020974e+01
-2.1888063623514668e+01
-1.9692100318404183e+01
-1.4343118388375817e+01
-9.04935136783656e+00
-4.823128774278323e+00
3.886421019908541e-01
3.094471778973109e+00
2.9130214200399287e+00
-1.2916745278558297e+00
-5.060076635654339e+00
-1.012620333026845e+01
-1.4785643114315683e+01
-1.7780758251945997e+01
-2.1834201224095285e+01
-2.2517747684946606e+01
-2.346308154573669e+01
-1.9887933197596844e+01
-1.6981038256337158e+01
-1.2167649280687261e+01
-8.075361095373518e+00
-5.1879434650235705e+00
-2.3838340072880038e+00
-6.022827374444133e-01
-2.6707093234856703e+00
-4.9927441242819235e+00
-7.0935325864486956e+00
-9.102821034051669e+00
-1.1106219972424276e+01
-1.2428155341664636e+01
-1.5758700425821132e+01
-1.736429795991536e+01
-1.8647097505321774e+01
-1.5799720183378199e+01
-1.4730031178422488e+01
-1.1529450350787272e+01
-8.534327937548195e+00
-4.459133296211671e+00
1.9558542557614164e-01
2.727780508432361e+00
2.0879601401309156e+00
-1.8649225582213511e+00
-5.939061306676258e+00
-9.761971937644931e+00
-1.3607931322485957e+01
-1.6111727445189263e+01
-1.9649763776788514e+01
-1.9658720355588358e+01
-1.9772518759609536e+01
-1.5928487069562486e+01
-1.330479555974178e+01
-9.440623164298652e+00
-6.486962315368506e+00
-4.254001122878263e+00
-2.6105374328135076e+00
-1.2352362102285643e+00
-2.839204776381559e+00
-5.393728834292952e+00
-6.5285091287439645e+00
-7.092120381576709e+00
-8.757120407306438e+00
-1.0336154789383029e+01
-1.2045128723579943e+01
-1.2887937340713464e+01
-1.361052608776202e+01
-1.2112557432309611e+01
-1.0733248483273075e+01
-1.017548461935277e+01
-9.182720193425045e+00
-7.084968288922817e+00
-2.8907498371388756e+00
-4.039063405392017e-01
-4.936780713487831e-01
-3.992025271551298e+00
-7.013976611986686e+00
-9.12227575929572e+00
-1.1873448583853762e+01
-1.3428757708920019e+01
-1.5167413712845544e+01
-1.4859497219720955e+01
-1.4461506959001348e+01
-1.1977100360625709e+01
-9.069560298915514e+00
-6.732971664874397e+00
-4.950810909983592e+00
-3.8829192349697816e+00
-2.632776099871823e+00
-1.754034663207988e+00
-2.3403325023730526e+00
-4.102143068244724e+00
-4.871163502331865e+00
-5.222969884583189e+00
-6.302352839838021e+00
-7.859850941360801e+00
-9.52945511863722e+00
-9.548023532098563e+00
-1.059446886836068e+01
-1.0063946499421272e+01
-1.0196116595139767e+01
-9.828908099841417e+00
-1.0200687164791196e+01
-8.908758714066904e+00
-6.565638848190886e+00
-4.486821307409683e+00
-3.5198478380242437e+00
-4.362292750535948e+00
-5.750166572283006e+00
-6.897356770750002e+00
-8.301087561343753e+00
-8.699576920384922e+00
-1.007297141113626e+01
-9.846832024371e+00
-9.920223843065374e+00
-8.630108458975831e+00
-6.8716479698668635e+00
-4.7028289490726936e+00
-3.614219094194539e+00
-3.188752315539861e+00
-2.8236636345074535e+00
-2.2280916143543257e+00
-1.6634655034348225e+00
-2.688596500772742e+00
-3.003540425493819e+00
-3.7746602867965207e+00
-4.713968281031007e+00
-5.620768409371981e+00
-6.867390184135647e+00
-7.099740412400084e+00
-7.940640830458228e+00
-8.280195873235712e+00
-9.145334603758785e+00
-8.263952615188767e+00
-7.7548253080271845e+00
-7.075713660268078e+00
-6.4758822495547665e+00
-4.895152224065422e+00
-3.157375310908289e+00
-2.941159181341552e+00
-3.388763422756667e+00
-4.254928132524585e+00
-4.835820448493892e+00
-4.719275487248388e+00
-5.802770860305246e+00
-5.991456957220364e+00
-6.550315062528305e+00
-5.852281869625631e+00
-4.66098885112769e+00
-2.8798327001680515e+00
-2.0682130331263364e+00
-2.198156276688788e+00
-2.290688869110349e+00
-1.6347942358736935e+00
-7.184953617587949e-01
-1.3754224328032603e+00
-1.3456592621176822e+00
-1.9966241081508993e+00
-2.7408316124259526e+00
-3.443052662886609e+00
-4.043275406297638e+00
-4.156225389039222e+00
-4.6408308463775905e+00
-5.142413856725984e+00
-5.602556466815343e+00
-4.594382513688776e+00
-3.5985775171300016e+00
-3.3160008437884936e+00
-3.5071671112510345e+00
-2.5510083319627386e+00
-1.4615057833237375e+00
-1.1583401582283612e+00
-1.254863595293552e+00
-1.9829777478095634e+00
-2.2540091635244965e+00
-2.4616627445991104e+00
-3.242536703829465e+00
-3.3711919248453617e+00
-3.7497493479512483e+00
-3.252989650057768e+00
-2.618538294051564e+00
-1.4859001986375744e+00
-1.0326936987713238e+00
-1.1502890625321107e+00
-1.0220479332318155e+00
-5.54891376734699e-01
