-2.1608975375462142e-01
-4.997256124035523e-01
-5.595521319166159e-01
-7.775128218296392e-01
-8.465542408487164e-01
-8.235094031414678e-01
-7.296577199806784e-01
-8.134597074524781e-01
-1.2886749651129779e+00
-1.9775321556412073e+00
-2.389024871345531e+00
-2.7395067732701133e+00
-3.0870258709102427e+00
-3.2481170862857263e+00
-3.446466402346697e+00
-3.7411814964109182e+00
-4.0911743670246326e+00
-3.859394775279022e+00
-3.40110699444475e+00
-2.9951289797290754e+00
-2.9664139591613776e+00
-2.8229402145811897e+00
-2.642712657826009e+00
-2.7061941959169973e+00
-3.088861519306418e+00
-3.0858336470360586e+00
-2.896978554736357e+00
-2.761217439694491e+00
-2.85345708901051e+00
-2.4199201219376403e+00
-1.4636080829086089e+00
-4.770313512662056e-01
-4.5008738018506533e-01
-8.691104711158798e-01
-1.1728490367845934e+00
-1.4573928693843006e+00
-1.9020069064257086e+00
-1.9345099853834316e+00
-1.9917586616399516e+00
-2.0442158870925327e+00
-2.8088391955253726e+00
-3.585902498513797e+00
-4.351475849386627e+00
-4.458919337969832e+00
-5.126375968234281e+00
-5.155997203092157e+00
-5.628395700557576e+00
-5.744600443294157e+00
-6.480137854605022e+00
-5.893194610874826e+00
-5.76528298878387e+00
-5.32771342440549e+00
-5.750538170808134e+00
-4.981018291382031e+00
-4.337591942366033e+00
-4.013271622230708e+00
-4.411874042434096e+00
-4.450754500708842e+00
-4.253373495995531e+00
-3.8121211049054358e+00
-4.297822082740902e+00
-3.7609201696973287e+00
-2.3281683145341128e+00
-1.013883210759974e+00
-9.119902360919854e-01
-1.7842938258516472e+00
-2.6400130731641402e+00
-3.29416675920771e+00
-4.030253652815556e+00
-4.354397537477348e+00
-4.820239443476783e+00
-4.785428617627618e+00
-5.442548625708392e+00
-6.382927589528217e+00
-7.403983696189493e+00
-7.337367396151507e+00
-7.943910671525779e+00
-8.2742108795756e+00
-9.428197220729917e+00
-9.67303531971101e+00
-9.941867606721338e+00
-9.634653917401971e+00
-1.0441801502176515e+01
-9.81446422875287e+00
-9.211824725421002e+00
-7.641779523393995e+00
-7.196961855061428e+00
-6.233929568860909e+00
-5.835170492597707e+00
-5.377340618837198e+00
-5.329022204662131e+00
-4.8998756689634435e+00
-4.997261103395474e+00
-4.010093841801139e+00
-2.9529100261383046e+00
-1.70402407456303e+00
-1.3196424151013473e+00
-2.505200161541957e+00
-3.69766188729544e+00
-4.576383283190563e+00
-5.665319414669939e+00
-5.8276551736182975e+00
-6.572048945318978e+00
-6.556359847982245e+00
-7.45149711347368e+00
-8.098249631550814e+00
-9.338008553386041e+00
-9.07334506969627e+00
-9.99464438769611e+00
-1.042633834857783e+01
-1.2024315735590916e+01
-1.185144196372895e+01
-1.2461197260337704e+01
-1.2437069964824069e+01
-1.3418161072768498e+01
-1.2102554679635258e+01
-1.1524366213179134e+01
-9.739425522016754e+00
-9.4265919920204e+00
-7.58309227282768e+00
-6.574554123102344e+00
-5.544266271281331e+00
-5.540015038643254e+00
-5.000462081839669e+00
-5.076764251744244e+00
-4.367913387006268e+00
-3.3981040575000137e+00
-2.024935667333766e+00
-1.6643405287675785e+00
-3.0163069843093258e+00
-4.021546122459967e+00
-5.1134907150964715e+00
-6.344334442870955e+00
-6.695810938435589e+00
-7.1530353810858065e+00
-7.530361409065443e+00
-8.474948166485593e+00
-9.47289344276342e+00
-1.000443154182182e+01
-1.0286753789524335e+01
-1.1214581534790597e+01
-1.1941725315340724e+01
-1.2354250847063186e+01
-1.2255143455087977e+01
-1.2576285131248055e+01
-1.2590269862919145e+01
-1.2577668591882826e+01
-1.2231432096254688e+01
-1.2065996130310177e+01
-1.1495254076352722e+01
-1.0738868326866774e+01
-9.161313345688693e+00
-7.94048333099455e+00
-6.678611476847521e+00
-5.891655169872151e+00
-5.390854838250094e+00
-5.557351545312069e+00
-5.037035886876629e+00
-3.3381270932630525e+00
-1.7735176312146026e+00
-1.670055667656102e+00
-2.861752954423613e+00
-3.8524403120073583e+00
-4.742527806111036e+00
-6.012158274193447e+00
-6.6180922238452915e+00
-7.438532583852555e+00
-7.525301956666305e+00
-8.945333809101792e+00
-9.625218783951821e+00
-1.0127135594355094e+01
-9.713886043813694e+00
-1.0760828142884442e+01
-1.060766011078292e+01
-1.0180770390823241e+01
-9.357290760742753e+00
-9.37021327294214e+00
-9.502348784980487e+00
-1.0022459186721239e+01
-9.988624288184118e+00
-1.0579864652763426e+01
-1.095652639873028e+01
-1.1952912560315418e+01
-1.1086654019531004e+01
-1.0656705649314109e+01
-9.226662331308932e+00
-8.801170790687621e+00
-7.1892054193858925e+00
-6.53571619678259e+00
-5.055544437100681e+00
-3.0808871328112337e+00
-1.2640263722546752e+00
-1.8130036072145141e+00
-3.1268544886223952e+00
-4.0375707528325275e+00
-4.854328758467557e+00
-5.976875823936655e+00
-6.697572166961238e+00
-7.966387382390421e+00
-8.266919742368108e+00
-9.064140571802291e+00
-8.951940856770785e+00
-9.02805856411261e+00
-8.15476786829447e+00
-7.748259269786814e+00
-6.444884164425799e+00
-4.994766186072327e+00
-3.9199301655037315e+00
-4.013669028034353e+00
-4.797932980681527e+00
-5.796634702757865e+00
-6.225972979671867e+00
-7.369455508457123e+00
-9.106523284016736e+00
-1.1880316362568719e+01
-1.2897492527406989e+01
-1.3860488898178554e+01
-1.2874440059438149e+01
-1.2743434494312895e+01
-1.019005684284582e+01
-7.427848328082235e+00
-4.610011890452076e+00
-2.1348751561433703e+00
-4.5937630144252395e-01
-2.0577236767351343e+00
-3.497382604178626e+00
-4.491452730042366e+00
-5.357196466328167e+00
-6.54484690007064e+00
-6.7737669993693554e+00
-7.995257100146225e+00
-8.179401505846682e+00
-8.54120988288663e+00
-7.541365168291949e+00
-6.147198087025494e+00
-4.494983941392577e+00
-3.1561527433492165e+00
-1.7813318065497825e+00
2.0005338803133202e-01
5.575442777795365e-01
4.0650437899010133e-01
-9.525052481332246e-01
-1.3156186603309912e+00
-2.1558595580410316e+00
-3.595036234872519e+00
-6.8066279988074765e+00
-1.0229816136306077e+01
-1.2899308130000371e+01
-1.4864789779633012e+01
-1.3761237944720467e+01
-1.4710659070702288e+01
-1.1876562254943204e+01
-8.939225083455202e+00
-4.976196576745775e+00
-1.931298358883891e+00
-1.856212769569561e-01
-2.642991298671044e+00
-4.478265964622266e+00
-5.453595667514974e+00
-6.1374638643423625e+00
-7.272650491026608e+00
-7.642331643355563e+00
-7.880245317461421e+00
-7.279921323640932e+00
-7.047120913581073e+00
-5.3939861937562625e+00
-2.382527503574717e+00
-1.4319491657813457e-01
7.867638719992235e-01
1.0188675906940177e+00
1.7896991772739166e+00
1.6979134884769969e+00
1.387057835509985e+00
4.96279471683521e-01
1.0295797779573477e+00
7.283773237120187e-01
-1.7266292293387213e+00
-5.834701921250364e+00
-9.221513140605708e+00
-1.3098451741184574e+01
-1.5255567353168566e+01
-1.4279107526513222e+01
-1.423501051711721e+01
-1.2552297411344677e+01
-9.926316895302882e+00
-6.314460897478853e+00
-2.1085560280749793e+00
6.48375144100715e-02
-2.746016533692383e+00
-4.58237844136276e+00
-6.093740579555657e+00
-6.794329764156688e+00
-8.313461673368478e+00
-8.322852745130533e+00
-7.9527222779037805e+00
-6.083054413332465e+00
-4.622263249533641e+00
-2.56121901134482e+00
-8.844742469941772e-03
2.0884729310151626e+00
2.6444701034537763e+00
1.2260713484472843e+00
-5.6939185285461706e-02
-1.0939538913396865e+00
-1.0550324979914785e+00
-7.509753576542008e-02
1.3868142693896979e+00
1.3987882056678946e+00
-1.1039620929368728e+00
-5.171476908271302e+00
-9.53624567990478e+00
-1.3127632716477509e+01
-1.5331275751753616e+01
-1.4551464925060394e+01
-1.4593037529274875e+01
-1.245010261865093e+01
-1.0687061958280644e+01
-7.3526124831951405e+00
-3.141069442978362e+00
-2.914896031013906e-01
-2.8217173836920164e+00
-4.86857249586266e+00
-6.672081812215485e+00
-7.777267797063311e+00
-9.012075810473657e+00
-8.28778592818739e+00
-7.451987672678381e+00
-4.757727838811222e+00
-2.08654033348617e+00
-5.134914859402419e-01
1.3631212873173868e+00
2.192325742644752e+00
1.7414291149881171e+00
-5.486791367329708e-01
-2.7531651520914617e+00
-4.489929373393847e+00
-3.8190507526916795e+00
-6.96541955983991e-01
1.6507953130136985e+00
1.2105050910782307e+00
-1.380878872812413e+00
-6.010505235377627e+00
-9.95665919177035e+00
-1.3131930324994233e+01
-1.574196266981556e+01
-1.466299970790895e+01
-1.5224947179904461e+01
-1.3631304356234827e+01
-1.1570766002243072e+01
-8.057321874920417e+00
-3.995895606572176e+00
-1.189948470043034e+00
-2.676151381590552e+00
-4.712584831137802e+00
-6.512502413191559e+00
-7.849439049029397e+00
-8.834361247718457e+00
-7.506854523250483e+00
-6.088836114133921e+00
-3.2012617266952264e+00
-7.9453989315442e-01
3.8743825395740816e-01
1.9581613674358904e+00
1.5619540543108854e+00
2.4476745724172888e-01
-2.439579973071408e+00
-4.885028249564535e+00
-5.671129144460135e+00
-4.116909933007225e+00
-4.00632219350237e-01
2.2810808420314967e+00
1.1791077350250765e+00
-1.7929529404702218e+00
-6.432503290854544e+00
-1.0292855859008084e+01
-1.3113841139903517e+01
-1.5766845377526073e+01
-1.493501658134037e+01
-1.688260793783957e+01
-1.5171643988007862e+01
-1.3352948280690711e+01
-9.071166542578617e+00
-5.629024411970838e+00
-2.4889199767442705e+00
-2.7448606165621614e+00
-4.7233969832332345e+00
-6.148473500663017e+00
-7.4179218660569175e+00
-8.351223896854114e+00
-7.2239849187130885e+00
-5.022319392317997e+00
-1.9445613457172757e+00
1.058279359191221e-01
1.2326431929672077e+00
2.2973221507430206e+00
1.3076082292113471e+00
-1.2234897285961819e+00
-4.304402731339574e+00
-5.827376421445107e+00
-5.255946123430472e+00
-2.5593902599022127e+00
7.400576107708944e-01
2.3929010801695676e+00
9.466478381586347e-01
-2.5333829011792455e+00
-7.337186232895451e+00
-1.0869480392880947e+01
-1.4202495805793246e+01
-1.6725631583526837e+01
-1.6263244936236006e+01
-1.6963115019684945e+01
-1.573709354345589e+01
-1.3818527492570889e+01
-1.0709099383700577e+01
-6.658419424951496e+00
-3.0823289611519007e+00
-2.3380386025214817e+00
-4.064038254976394e+00
-5.461180152603866e+00
-6.274623545527898e+00
-7.194098285592907e+00
-6.262413692662494e+00
-4.321790094196871e+00
-1.126078959189999e+00
1.3395034659558172e+00
2.3226336397893186e+00
2.613417448464291e+00
1.1391608319412454e+00
-1.1814787777294726e+00
-3.771522719358137e+00
-4.691912815239007e+00
-3.521776655347954e+00
-9.778807863242309e-01
1.515470671255628e+00
2.0073276037140757e+00
2.091692489174276e-01
-2.370957962813566e+00
-6.4604120811313335e+00
-1.0660625301608766e+01
-1.3719765069246755e+01
-1.6441607270983756e+01
-1.621578941956047e+01
-1.6472128887523755e+01
-1.414486813055303e+01
-1.3388766781387055e+01
-1.0941060989743955e+01
-7.156328336509445e+00
-3.0779438224290563e+00
-2.1045152929587467e+00
-3.6188458217186117e+00
-4.632988765398239e+00
-5.127223206686785e+00
-5.591415792849604e+00
-4.465524837919564e+00
-2.698203175197442e+00
-6.68565694277047e-02
2.2436954841716874e+00
2.6438214871106336e+00
2.5211002141607732e+00
1.0746326237585075e+00
-3.5953337795423995e-01
-1.7634914680350302e+00
-1.964147981725066e+00
-9.969971421200257e-01
6.547083141416434e-01
1.6741816232281506e+00
1.4803103858739664e+00
-2.871001302169157e-01
-2.426940365982994e+00
-6.309453525908199e+00
-1.0027822363618467e+01
-1.2992960173758412e+01
-1.5477041819667141e+01
-1.3934439921793413e+01
-1.4363118884398627e+01
-1.3020268343159497e+01
-1.2723970123343781e+01
-1.0105490517708734e+01
-6.629641159629447e+00
-3.2822692558187905e+00
-1.5539010032339147e+00
-2.911058683119621e+00
-3.729394372686964e+00
-4.287383208738335e+00
-4.307678367014255e+00
-2.916795918599359e+00
-1.5047777719280935e+00
3.3257722799352163e-01
2.128321046629315e+00
2.3392303901494014e+00
2.3757694119290917e+00
1.6750550882319777e+00
1.3180170078311741e+00
8.046361813971105e-01
6.856126862563966e-01
5.761828688369575e-01
1.1101301135741146e+00
1.223978727483639e+00
1.4717958510910911e+00
2.8396385468442564e-01
-1.5534368116558535e+00
-5.157917393166566e+00
-8.33438687899149e+00
-1.0844412094831949e+01
-1.2150526197829294e+01
-1.0798276469706844e+01
-1.221159184260361e+01
-1.1931669316324076e+01
-1.2074417396945751e+01
-9.158295687178976e+00
-6.3473025205115885e+00
-3.229859427390072e+00
-1.483330339477759e+00
-2.6435951202195196e+00
-3.298709502778195e+00
-3.7920271401987815e+00
-3.6691730408580163e+00
-2.4305575016661094e+00
-1.2049620442001663e+00
7.32948055131376e-02
1.153773979510034e+00
1.3664333064178515e+00
1.8096803896052847e+00
1.791164306501341e+00
1.8255559830602188e+00
1.8750069779307994e+00
2.155440843910781e+00
2.0231425945272496e+00
1.8044460501760773e+00
1.1853395446333832e+00
1.5469729148538325e+00
1.2193546673332767e+00
-6.987742008488632e-01
-3.9914322036252137e+00
-6.438003496524356e+00
-8.445445527812211e+00
-9.393410285698055e+00
-9.319298611128369e+00
-1.130212571816967e+01
-1.2334934828524059e+01
-1.2226317690455215e+01
-9.505919613676484e+00
-5.601370269920877e+00
-2.71877321527336e+00
-1.2650323372485728e+00
-2.250970562337239e+00
-3.036934677820511e+00
-3.680650116063086e+00
-3.7552642465346664e+00
-2.976688999698265e+00
-2.6158260705892262e+00
-1.5231130186267763e+00
-6.439766034685315e-01
1.5335324844474854e-01
5.845007792252261e-01
9.528313269749928e-01
1.2511477324873166e+00
1.972326041224487e+00
2.3751980627577063e+00
2.71288189287271e+00
2.484521649179462e+00
2.0104752202255547e+00
2.257279643527161e+00
2.236164061831114e+00
7.314288830916842e-01
-2.205662766592957e+00
-5.044462769974574e+00
-7.704864731509207e+00
-9.443792596904814e+00
-1.029057584996128e+01
-1.259976265750783e+01
-1.2533042422492157e+01
-1.2740863882194558e+01
-9.883889860612554e+00
-5.99995565328218e+00
-2.7141717225182087e+00
-1.6000533524830034e+00
-3.000071474824689e+00
-4.119323045560626e+00
-4.837988617953751e+00
-5.393716874909638e+00
-5.126301454607399e+00
-5.619929034261744e+00
-4.7368475398895855e+00
-3.3637373898021248e+00
-2.3250307487383344e+00
-1.5452207204545165e+00
-6.752408417982216e-01
3.037675948208139e-01
1.3150386534710428e+00
2.1134616226275824e+00
2.745195185541226e+00
2.50401259867664e+00
2.076343588299942e+00
2.691980431225673e+00
2.959257888725892e+00
1.8507343686898738e+00
-1.746324428422796e+00
-4.994402159866246e+00
-8.820362626070555e+00
-1.1926583557137894e+01
-1.2627574927525437e+01
-1.409569629441136e+01
-1.3227763172290192e+01
-1.2983938436898335e+01
-9.84775328671937e+00
-6.349955550268632e+00
-3.2314165590282187e+00
-1.7618208631897552e+00
-3.85477456999546e+00
-5.52575422097748e+00
-6.7327907085854655e+00
-7.882447552258943e+00
-7.470230061748786e+00
-8.453411304025932e+00
-7.367038262392086e+00
-6.90114416487081e+00
-5.131914766983159e+00
-4.6488755313407095e+00
-3.050003771442844e+00
-2.452718281884246e+00
-9.406159500333686e-01
-2.842894094444556e-01
-1.716364638480974e-01
-1.205540380900152e+00
-9.971909968581377e-01
9.810532630573283e-01
2.8859969271831525e+00
2.488212277508997e+00
-1.7457201755013978e+00
-5.712192985399388e+00
-9.921424008107053e+00
-1.3288902617511194e+01
-1.3760439910329168e+01
-1.5587831838695555e+01
-1.3989842220678181e+01
-1.3336884242144144e+01
-9.70737204994268e+00
-6.95138735126196e+00
-3.506223186429743e+00
-2.156113472796652e+00
-4.68880393014536e+00
-6.2708594523776355e+00
-8.384757572059472e+00
-1.0023884212840674e+01
-1.047681945723954e+01
-1.2075983850155772e+01
-1.239515379104192e+01
-1.2270900948813226e+01
-1.0665194401095889e+01
-9.246762263718841e+00
-8.09143873343902e+00
-7.408604113059866e+00
-5.921916697930242e+00
-5.155270632054053e+00
-6.0631502209306065e+00
-7.4059866965414765e+00
-6.4729693271251465e+00
-2.0689207197952832e+00
2.134306574856074e+00
2.4369413684478194e+00
-1.9959099645822138e+00
-6.323683755093437e+00
-1.0770213344757584e+01
-1.4004274031152228e+01
-1.495620520852856e+01
-1.626030452392499e+01
-1.4957270928336875e+01
-1.3404380357758573e+01
-1.020157870079523e+01
-6.21483524149365e+00
-2.991535617529919e+00
-1.8424492305131535e+00
-3.9469860385161857e+00
-5.866923096379715e+00
-8.594276291981176e+00
-1.1104646561751727e+01
-1.292819586318997e+01
-1.6595659345719966e+01
-1.690925309346833e+01
-1.817809042024625e+01
-1.656903001147649e+01
-1.7678313071881846e+01
-1.5818653477878222e+01
-1.562897561281945e+01
-1.2706980538482755e+01
-1.235772501655316e+01
-1.1656543357585777e+01
-1.3126573515331785e+01
-1.0561933553583009e+01
-5.019708134866504e+00
9.421957621925227e-01
2.7441810810754754e+00
-6.401569010411983e-01
-5.478712678728061e+00
-1.0168999247230186e+01
-1.4121353780160385e+01
-1.5518577895284373e+01
-1.724613620803727e+01
-1.5181447609117473e+01
-1.3657869838045011e+01
-9.811722603722917e+00
-5.435751862626628e+00
-1.9701789012280637e+00
-1.6799019835129445e+00
-3.521901437125163e+00
-5.290262193746768e+00
-8.488257491029943e+00
-1.1817802338439137e+01
-1.4909261936153131e+01
-2.005614351948934e+01
-2.242668034563958e+01
-2.499599456628618e+01
-2.5052982749400844e+01
-2.8335592425553077e+01
-2.6185402478089628e+01
-2.3427797152031346e+01
-1.9974372262869142e+01
-1.908936873411538e+01
-1.684750194874212e+01
-1.552206162028612e+01
-1.135550844254853e+01
-5.4646911816437465e+00
4.018541068145933e-01
3.2256648403201096e+00
-5.045362014338137e-02
-4.883636014414695e+00
-9.959297473158534e+00
-1.3911513862426071e+01
-1.4113780249901456e+01
-1.6099279555994965e+01
-1.4938986809664208e+01
-1.333715229857137e+01
-8.942429821570702e+00
-4.325295556387434e+00
-1.3530456270621636e+00
-1.5913541630133123e+00
-3.2094725464134095e+00
-4.6519434738678695e+00
-7.770202805343107e+00
-1.0989094572882282e+01
-1.4702296420111384e+01
-2.0983771928858022e+01
-2.5393277409821454e+01
-2.950865529219393e+01
-2.9610619945345974e+01
-3.428271136826845e+01
-3.0360022380105463e+01
-2.804394792513752e+01
-2.3087380780007994e+01
-2.2440071359748032e+01
-1.9210962967529454e+01
-1.7006391238828723e+01
-1.1197052318036173e+01
-5.333728312582934e+00
6.088563002553166e-01
3.5087868373139046e+00
3.911095749794676e-01
-4.197753555283194e+00
-9.072575703537174e+00
-1.1534012040584843e+01
-1.1412067869616862e+01
-1.4249898964236092e+01
-1.391093751070069e+01
-1.279169166024399e+01
-7.991402689777332e+00
-3.796473759209193e+00
-9.029721015481159e-01
-1.9301140893440292e+00
-4.018761176289139e+00
-4.753433486544231e+00
-7.230036751710353e+00
-1.0335505283221728e+01
-1.5400210762260619e+01
-2.1791100195850813e+01
-2.7756341499430057e+01
-3.2655239523179425e+01
-3.4080306875448294e+01
-3.5391766242368774e+01
-3.317488176725386e+01
-3.0634892012511163e+01
-2.5995744237176755e+01
-2.336264212554977e+01
-2.008271341632267e+01
-1.659402842475973e+01
-1.1523604883158614e+01
-3.9579587440538355e+00
1.489520814673223e+00
2.7550659994505904e+00
-6.112309613994572e-01
-4.170037542260028e+00
-7.64397262159529e+00
-8.896670567462664e+00
-9.217674282492476e+00
-1.152655824829226e+01
-1.1844161389870875e+01
-1.0683901892206741e+01
-7.3568481057216655e+00
-3.010600428800947e+00
-2.421031057751337e-01
-2.2088524572776436e+00
-3.8863215330786627e+00
-4.88118596081805e+00
-6.744302420178759e+00
-1.0770894572430212e+01
-1.5803748176112205e+01
-2.3046667787904134e+01
-2.764747584668768e+01
-3.429641645992909e+01
-3.572155926006719e+01
-3.766475924615003e+01
-3.4441281279412244e+01
-3.530832402580424e+01
-3.0300525483826316e+01
-2.639849447973599e+01
-1.970241585892123e+01
-1.4590703395659189e+01
-8.68029457739622e+00
-2.5806258022710837e+00
1.67410277612096e+00
2.5583652804957357e+00
-5.719525960168104e-01
-3.8692255039461028e+00
-6.705576851453074e+00
-7.943730047178854e+00
-8.245259074339348e+00
-9.777602559557875e+00
-9.4568081382067e+00
-9.191601735099566e+00
-6.850411671602552e+00
-3.3011435050064333e+00
-4.594304458781047e-01
-3.3799688589276444e+00
-5.593526393348743e+00
-7.21658601815992e+00
-9.299190113617353e+00
-1.2937712000735239e+01
-1.7143570385685393e+01
-2.317095293450985e+01
-2.8025095753822743e+01
-3.35339808027261e+01
-3.327999611647758e+01
-3.7233293944877154e+01
-3.700547317933184e+01
-3.7157791232695025e+01
-3.224729838390713e+01
-2.809176996854686e+01
-1.9552233131944213e+01
-1.0813939158638258e+01
-5.546317547981427e+00
-6.924304095538568e-01
1.84911400099008e+00
1.9149519509812003e+00
-1.3926864051699617e+00
-4.152837937704461e+00
-7.015751934158882e+00
-8.141491588468721e+00
-7.981833008612305e+00
-9.180556570922e+00
-8.950295019889925e+00
-8.84624802636805e+00
-7.04725772504987e+00
-3.994618715520213e+00
-1.1784913064491476e+00
-4.495386867402893e+00
-7.199126266462206e+00
-9.504097379441175e+00
-1.0767461310971358e+01
-1.3070651686780028e+01
-1.4914351253881488e+01
-1.9467558032635125e+01
-2.3596792092818458e+01
-2.769230598770238e+01
-2.825575100822887e+01
-3.3045013644905424e+01
-3.305656488215116e+01
-3.3525254224938024e+01
-2.929797763745703e+01
-2.7592240015034385e+01
-1.972779612653566e+01
-1.3196742608787348e+01
-6.389232032439726e+00
-1.0648514382806542e+00
1.4156834018408655e+00
9.326600204017528e-01
-2.2326525315110906e+00
-4.773418717123688e+00
-6.432847926832087e+00
-7.816656021791584e+00
-8.138405169167902e+00
-9.666299198831604e+00
-8.871596459368748e+00
-8.738280227625989e+00
-6.555967995064094e+00
-4.480366884556976e+00
-2.015408078241824e+00
-5.247519394412548e+00
-8.89538852705871e+00
-1.0702094904765488e+01
-1.089669356708008e+01
-1.1566039625685427e+01
-1.2793052704140063e+01
-1.4815415749952008e+01
-1.6935508452325266e+01
-1.974189745365004e+01
-2.201813769100504e+01
-2.422600746589494e+01
-2.5371905347634968e+01
-2.6704886998137134e+01
-2.5949926837485375e+01
-2.407535683114053e+01
-2.0653849680948134e+01
-1.584788733795925e+01
-1.0658547671012752e+01
-4.154236296883845e+00
-1.3678239947152477e+00
-1.1561033777237126e+00
-3.302214332487262e+00
-4.382547822469387e+00
-5.282536900023375e+00
-6.534801033317989e+00
-7.363952466699697e+00
-8.285664837546683e+00
-7.43254751189808e+00
-6.750990221192352e+00
-5.507553821648556e+00
-3.8498410673594052e+00
-2.3182399918175634e+00
-4.972845233065945e+00
-7.9955017294536015e+00
-9.818272516401127e+00
-9.472134207601357e+00
-1.0299319470522258e+01
-1.084577727074925e+01
-1.1721992194854177e+01
-1.1285358000664417e+01
-1.2285317668023506e+01
-1.3651298161943457e+01
-1.541695652445187e+01
-1.5813498517279296e+01
-1.825628118664145e+01
-1.9099258723285672e+01
-2.028181909756457e+01
-1.832180238428724e+01
-1.6353156372294414e+01
-1.2270646543848367e+01
-7.451327293933704e+00
-5.293810576987891e+00
-5.09751650743475e+00
-5.452844403249564e+00
-5.122129817777919e+00
-5.0556884251550755e+00
-5.4938798421630075e+00
-5.885870196220985e+00
-6.048168017664354e+00
-4.895892010185697e+00
-4.860366433513348e+00
-4.571336878323455e+00
-3.965179880461799e+00
-2.653374272339572e+00
-3.7171903846578567e+00
-6.064328423534163e+00
-7.603757715504946e+00
-7.904995953638456e+00
-8.541717673132464e+00
-7.8352866024340555e+00
-8.246643779235738e+00
-7.440108049620673e+00
-6.365196736429312e+00
-6.286070999371022e+00
-7.659869693842851e+00
-8.390277186357341e+00
-9.900418604095927e+00
-1.1434269017708553e+01
-1.4100061448386054e+01
-1.3682199253926605e+01
-1.1788589198503612e+01
-8.726473586907996e+00
-6.895920853021574e+00
-5.942211026910562e+00
-5.57531129705208e+00
-5.51993619761264e+00
-5.348098279574755e+00
-4.637125467946963e+00
-4.16630097574701e+00
-3.5580756253733132e+00
-3.377226681590305e+00
-2.861850042804862e+00
-3.5033327741797042e+00
-3.8696397639371853e+00
-4.006460529316307e+00
-2.8097318089661254e+00
-1.939108717082769e+00
-3.5469498111629085e+00
-4.446611540549783e+00
-4.724688955239409e+00
-5.049464082503195e+00
-4.223431122229476e+00
-4.459433381655858e+00
-3.9454827840985423e+00
-2.975644656002708e+00
-2.5638458962997817e+00
-2.8232434657747643e+00
-3.5711156658805807e+00
-4.79498884271935e+00
-6.2270579664659556e+00
-7.567042521032741e+00
-7.153176051997408e+00
-5.281927812184547e+00
-3.80904584170278e+00
-3.961495143257569e+00
-3.4639470597809816e+00
-3.257585846445971e+00
-3.290760913719825e+00
-3.654165647706188e+00
-2.9075469868111656e+00
-2.3397368790876847e+00
-1.8616599035897556e+00
-1.8303154642608594e+00
-1.7321930424824563e+00
-2.276190616090619e+00
-2.4891907736241627e+00
-2.612849203905032e+00
-1.747314459577453e+00
