-8.485944242391372e-01
-1.5645539853027828e+00
-1.6860537664203017e+00
-2.0854690741341377e+00
-2.349256574084456e+00
-2.3684932809842945e+00
-2.295036877715935e+00
-2.0870332952061617e+00
-2.325744883520752e+00
-2.5051324451799157e+00
-2.121213229874966e+00
-1.8785232281087336e+00
-2.097797284193771e+00
-1.9354789909468806e+00
-2.0746355650676866e+00
-2.4306677095281284e+00
-3.1395804803653196e+00
-3.001852392900332e+00
-2.604477955509857e+00
-2.2971181689354196e+00
-2.729182050641301e+00
-2.6450329824033947e+00
-2.3870955926277446e+00
-2.276352631535469e+00
-2.3902276780808944e+00
-2.6044237293151853e+00
-2.8180283552029306e+00
-3.262984411301697e+00
-3.5872733640484533e+00
-3.407676994862692e+00
-3.1577111124194865e+00
-2.5332135619189122e+00
-1.5008440054480774e+00
-2.432363701877071e+00
-2.5931571890724814e+00
-3.0517076290780083e+00
-3.8475814006826172e+00
-4.110288503537766e+00
-4.328774371706332e+00
-3.996369567933801e+00
-4.717396816991393e+00
-4.761512214436492e+00
-4.7685225861605955e+00
-4.344260949061439e+00
-4.939105861079076e+00
-4.919495362297607e+00
-5.665455488643816e+00
-5.231481677082086e+00
-5.559946528742968e+00
-5.173107476121009e+00
-4.991400898036979e+00
-4.523844922142783e+00
-5.467141960659895e+00
-5.237307674359346e+00
-5.151965336871099e+00
-4.305612733257946e+00
-4.394975027408749e+00
-4.567113687517612e+00
-5.251249897239976e+00
-5.506783953913238e+00
-6.789952716343652e+00
-6.26471435463551e+00
-5.775069418743597e+00
-4.567042362518631e+00
-2.3153826341896537e+00
-3.6861217641148594e+00
-4.423236568376019e+00
-4.957724589523774e+00
-5.943087904246535e+00
-6.5282940169911505e+00
-7.501481906606392e+00
-7.865516868561402e+00
-8.459022192421982e+00
-9.067970495889977e+00
-1.0129177088641123e+01
-1.0227127921486433e+01
-1.095041523224945e+01
-1.16586955080891e+01
-1.26722655289987e+01
-1.153752784629919e+01
-1.064755724545784e+01
-1.0257062956999139e+01
-1.0446329854255193e+01
-9.945357531808307e+00
-1.0252834628224544e+01
-9.689950263644098e+00
-9.20509498371746e+00
-7.785804503495541e+00
-7.2891840895381605e+00
-7.663950761992058e+00
-8.826124157679981e+00
-9.199486600159513e+00
-1.0092683445127019e+01
-9.304796909811065e+00
-9.193586446785954e+00
-7.265153382096137e+00
-2.9594180867105795e+00
-4.592551240297244e+00
-5.692478735041047e+00
-6.05510340798985e+00
-7.2032429076554e+00
-7.643400902773658e+00
-9.252019473076038e+00
-1.0017732876194827e+01
-1.1409688197169759e+01
-1.2362495451053947e+01
-1.4747027681139206e+01
-1.5304650496667795e+01
-1.7592464469344865e+01
-1.8192988967656163e+01
-2.07575081459745e+01
-1.8781922213799945e+01
-1.8657836528482417e+01
-1.666660562160266e+01
-1.7930423259007235e+01
-1.667435921241863e+01
-1.6794473429867512e+01
-1.441217721343079e+01
-1.353541426979167e+01
-1.097475416059355e+01
-1.0041240259245553e+01
-9.788665483562273e+00
-1.0960802276149805e+01
-1.0921862438243187e+01
-1.1756463332761582e+01
-1.1070379852151811e+01
-1.0974035649124621e+01
-8.399207057952353e+00
-3.4195079301332436e+00
-5.461755654155903e+00
-6.229072003778549e+00
-6.463327455588558e+00
-7.4176136266279595e+00
-8.636793430089151e+00
-1.0058152584816487e+01
-1.1338831137630859e+01
-1.3180161286546776e+01
-1.5005904284477818e+01
-1.6456663168007807e+01
-1.897156162949108e+01
-2.1995380357671003e+01
-2.460195183108505e+01
-2.6756398304494297e+01
-2.7014615400656265e+01
-2.6559830740867312e+01
-2.527338361578126e+01
-2.4484729063332914e+01
-2.316751628453233e+01
-2.1753681064338693e+01
-1.926578945170504e+01
-1.6355920761530616e+01
-1.296291759707128e+01
-1.0010606865352111e+01
-9.227837005809896e+00
-9.755735972623532e+00
-1.0344322535528054e+01
-1.1199819403226918e+01
-1.1047913368419401e+01
-1.0307017789987325e+01
-7.967168708190728e+00
-3.473297164587056e+00
-5.255136302898395e+00
-6.407174263870271e+00
-6.45699626486608e+00
-7.554563535048815e+00
-8.369812402405161e+00
-9.692465479437068e+00
-1.0666484533165113e+01
-1.2901160593377385e+01
-1.4295734817803611e+01
-1.6926588777354883e+01
-1.95388052883647e+01
-2.4726554804881616e+01
-2.6955413061997476e+01
-3.0609305059258652e+01
-3.1274117961664928e+01
-3.384465811114981e+01
-3.1321670256564612e+01
-2.978238687592688e+01
-2.5209503833940357e+01
-2.3913780908384386e+01
-2.0519778014579874e+01
-1.7053747816113674e+01
-1.1682364199353495e+01
-8.04138517660852e+00
-6.465130610008285e+00
-7.23636441730791e+00
-7.532630161670529e+00
-8.79532128715056e+00
-8.914836033653865e+00
-8.570032261094608e+00
-6.049240754824799e+00
-3.548515769399461e+00
-5.843256092923958e+00
-7.576300742614134e+00
-7.544101001518032e+00
-7.994528104375461e+00
-7.584982291204873e+00
-8.16272676012758e+00
-9.097045898470927e+00
-1.0590080487466553e+01
-1.2109410415402657e+01
-1.5902178923202134e+01
-1.9424899730423903e+01
-2.3953713788305503e+01
-2.5330174768644923e+01
-3.0884369577838186e+01
-3.34413092942595e+01
-3.609789420312707e+01
-3.22069292955149e+01
-3.046922211789975e+01
-2.4913789137098217e+01
-2.1001096167561105e+01
-1.6344293037668585e+01
-1.2720431858838635e+01
-8.303293572127078e+00
-4.947141804676052e+00
-4.098132105523447e+00
-4.582066464700264e+00
-4.846963351635719e+00
-5.468369928867618e+00
-5.764543188866768e+00
-6.335802120999902e+00
-4.693190454691904e+00
-3.7410484461681826e+00
-6.246485425394615e+00
-8.203671289810687e+00
-8.087306210476706e+00
-8.280400875865755e+00
-6.3940944486970475e+00
-5.091500513268694e+00
-5.3046245294628225e+00
-6.133497359202825e+00
-8.415697312122727e+00
-1.1734201324561777e+01
-1.4478531388237464e+01
-1.7468438273404484e+01
-1.9083368759289918e+01
-2.4687769908188294e+01
-2.6976418424542192e+01
-2.893115885582425e+01
-2.5509005224568668e+01
-2.4352419231932565e+01
-1.8769229827408253e+01
-1.448073678652518e+01
-9.578315314482756e+00
-6.48524979651649e+00
-3.719182663461358e+00
-2.2815332696772446e+00
-2.2423650773115433e+00
-2.1872064046563073e+00
-2.761937160973127e+00
-3.312379746951028e+00
-4.00524948799753e+00
-4.91697658927709e+00
-3.7170200706155656e+00
-4.1968103569796895e+00
-6.86442034474979e+00
-8.525436059342859e+00
-8.371128341769587e+00
-7.682394964639e+00
-5.556319436245176e+00
-2.507874868220417e+00
-6.670974099416268e-01
-1.0045497441184792e+00
-3.5705578938553084e+00
-6.104505198968688e+00
-8.427139400090075e+00
-1.1028850836375879e+01
-1.3250059979135068e+01
-1.580333327978262e+01
-1.7776923262355723e+01
-1.8240990811117907e+01
-1.6503069167875605e+01
-1.4486000753075551e+01
-1.1435383478555313e+01
-8.058158032154434e+00
-4.703399446707159e+00
-1.2736669893726895e+00
-1.1007051052404948e-01
-1.4411538286854997e-01
-6.855032303541081e-01
-6.382045823139313e-01
-9.848260146860396e-01
-2.382559642975431e+00
-3.921206726157848e+00
-4.50259919272771e+00
-3.191370621436446e+00
-4.137782110670361e+00
-6.9173627310083e+00
-8.973349049491619e+00
-8.399973636112364e+00
-8.054416241901542e+00
-5.814537221989934e+00
-2.7767702482132277e+00
9.068744541469652e-01
2.7322028428712475e+00
1.2314811636702963e+00
-6.110946515215463e-01
-2.9500599571670434e+00
-4.929022032643796e+00
-6.460387062336513e+00
-7.578933754835721e+00
-8.171733739629042e+00
-7.8877129886662605e+00
-7.24615881556307e+00
-6.745322672123313e+00
-4.824724535763858e+00
-2.5510621205011703e+00
-6.011723976513127e-01
1.0784168629555098e+00
1.3112191884789826e+00
1.181049408893081e+00
3.776626771065099e-01
-5.191602456067321e-01
-1.5679292033492063e+00
-3.8059835795618255e+00
-5.387280994534029e+00
-5.601749463180539e+00
-3.6960157528448643e+00
-4.134540184300097e+00
-6.887286350906443e+00
-9.180009870095347e+00
-9.053135441259172e+00
-8.993205676786523e+00
-7.172379531206267e+00
-3.7972978654918506e+00
6.493674003619646e-01
3.7659516265723805e+00
3.51625150630481e+00
2.3057111516738074e+00
5.105875091789518e-01
9.66693941228665e-03
-1.9945929615598518e-01
2.1782506221978654e-01
7.939638963447483e-02
3.115240672928202e-02
-8.118239121561407e-01
-7.603811162853569e-01
-7.134045174829828e-02
1.2780162796280006e+00
1.5319113342322155e+00
1.7669623907304153e+00
1.1628853541686397e+00
3.043251964689211e-01
-1.69071314807042e+00
-3.544023128724171e+00
-5.207207637491936e+00
-6.86567465838175e+00
-7.176326444894387e+00
-6.814683363849064e+00
-4.601678846232707e+00
-3.9149031130426497e+00
-6.571142920014415e+00
-9.267293583228062e+00
-9.992390267417928e+00
-1.0410586474541134e+01
-7.908336642939154e+00
-4.114799415741155e+00
4.7018496845993446e-01
3.093737710949778e+00
2.5834854933168754e+00
2.078743310160567e+00
1.541149001025976e+00
1.9445541985497417e+00
2.211837382829594e+00
2.965895961762275e+00
2.8441192642795827e+00
1.7544011844909222e+00
5.843938067761899e-01
9.965030887174995e-01
1.4785968522130202e+00
1.8835164674360236e+00
6.875737140753951e-01
-1.789132806026237e-01
-1.510960111482142e+00
-3.771759678931432e+00
-6.1139879917547715e+00
-8.901867270561228e+00
-9.25786508916796e+00
-1.0456596346450256e+01
-8.978965079657481e+00
-7.8943168140644095e+00
-4.939004942661862e+00
-3.6884444508431176e+00
-6.508835384635348e+00
-8.80211672781539e+00
-9.71762602298653e+00
-9.573686719268148e+00
-6.6241999736712325e+00
-2.0002778098044844e+00
1.7604528771710837e+00
2.5918488793964984e+00
1.458431414051788e+00
1.3926248315367988e+00
1.1205877619516247e+00
6.068385245305824e-01
5.0467936998129376e-02
2.282667471410781e-01
2.898907733248447e-01
3.194461558942252e-01
6.923668559554461e-01
1.0677056797340208e+00
1.2243549735995898e+00
2.2875528466191428e-01
-2.1691137253414072e+00
-3.9757528349824813e+00
-6.380579110572544e+00
-8.95654307880326e+00
-1.061453727848593e+01
-1.22160564446291e+01
-1.179147502967849e+01
-1.1557896097423328e+01
-9.927401912255025e+00
-7.5307524099159595e+00
-4.5542202696008e+00
-3.0243180054103265e+00
-5.621792177673806e+00
-7.284002876830769e+00
-7.258273964655013e+00
-6.763880991800106e+00
-4.211442045525609e+00
-3.9284960935561836e-01
2.2763682206826323e+00
2.453191195612413e+00
1.1520003476569314e+00
1.0083211634269396e+00
-4.531399435464142e-01
-2.0703368296413034e+00
-3.2209750457959134e+00
-3.4422867121642873e+00
-1.845751285809742e+00
-4.8129395794470745e-02
1.2197580306723188e+00
9.441175413831834e-01
-1.295659789720874e-01
-1.6597617015360564e+00
-4.456414815849686e+00
-7.036039104357406e+00
-8.912472857485758e+00
-1.1471503028363367e+01
-1.1988845682907263e+01
-1.2496921012721003e+01
-1.0872796125283102e+01
-1.0702783669607236e+01
-8.994324801824291e+00
-6.505479999297514e+00
-3.392135353174077e+00
-2.5285585563482944e+00
-4.098367039066618e+00
-5.045481508810427e+00
-4.454732570570529e+00
-3.622018039221618e+00
-1.7802825605423493e+00
4.047030879353784e-01
1.4696074642775887e+00
1.8658465631585435e+00
1.2403181711091122e+00
1.0449830184840334e+00
-2.3716450193432262e-01
-1.670708590496723e+00
-2.760338779924052e+00
-2.5808094841448788e+00
-5.653411787024005e-01
1.26472508841154e+00
2.0938158718521875e+00
1.582146334298937e+00
-4.669467016937981e-01
-2.828859453622151e+00
-5.914279879621747e+00
-8.184229338845855e+00
-9.54699520261105e+00
-1.104786823219426e+01
-1.056123779817436e+01
-1.1245112290526576e+01
-9.843069518393545e+00
-8.9402929040646e+00
-6.852179020617529e+00
-4.587912145170858e+00
-2.3736253624998547e+00
-1.781098003158083e+00
-3.171072529409316e+00
-3.947788779030962e+00
-3.855280156466322e+00
-3.2584175159256983e+00
-1.8341624545990156e+00
-1.003142246721655e+00
-6.510464356081487e-01
-1.5785950058052148e-01
4.691508515320292e-01
3.727270069557617e-01
6.176009211124767e-01
2.834326283550262e-01
8.198874546851241e-02
1.1781146901465236e-01
6.340582394746183e-01
1.4654754099911236e+00
2.3496501650443307e+00
2.4852546046506077e+00
3.218239426076002e-01
-2.2205111924002403e+00
-5.304181630388137e+00
-7.145839902135312e+00
-8.069396196037692e+00
-8.601465632102462e+00
-8.214109310589382e+00
-1.0270890707751246e+01
-9.519855643142337e+00
-8.477603399831363e+00
-5.843335331153882e+00
-3.631320097215478e+00
-1.6884527601166035e+00
-1.6121914295318887e+00
-3.005157347987845e+00
-4.01086548301998e+00
-4.558895665788126e+00
-4.7590622892381464e+00
-4.875922533979535e+00
-4.963186433993931e+00
-4.857186543046261e+00
-4.229462721394874e+00
-3.080836156815125e+00
-1.907498012753092e+00
-6.946987690169697e-01
1.6370071534504288e-01
1.2720888326005972e+00
1.7272417286088986e+00
1.2883393450064693e+00
1.0472593434432529e+00
1.5872763130735377e+00
2.5304527051487478e+00
1.497893299114229e+00
-8.994488030860767e-01
-3.796199991000944e+00
-5.621561631510556e+00
-6.977026526974016e+00
-7.44567652205476e+00
-7.938217289700677e+00
-9.95606337496984e+00
-9.928585320551612e+00
-8.794500964755045e+00
-6.256277610036915e+00
-2.727520115467568e+00
-8.092425422846525e-01
-1.2780586299507055e+00
-2.7083473771893543e+00
-4.219640807360661e+00
-5.274099238052859e+00
-6.420236440854973e+00
-7.653225931343032e+00
-9.83992362007449e+00
-9.40643626111531e+00
-8.818006572217799e+00
-6.65483882427473e+00
-6.163008283566282e+00
-4.644804744531568e+00
-3.3095885955632824e+00
-1.0496627798724463e+00
1.6505086479351208e-01
1.8154220452452222e-01
-4.95505973060891e-01
2.966719834245934e-01
1.8495948544446017e+00
2.2599659948707e+00
8.003374914891872e-01
-2.1744273813970363e+00
-5.123781711926307e+00
-7.55764195945652e+00
-9.189765391062103e+00
-9.871410396438312e+00
-1.206919894591861e+01
-1.1004841262833182e+01
-9.999138266785499e+00
-6.978207214134549e+00
-3.285766991794544e+00
-1.0583995989128165e+00
-1.573336636020555e+00
-3.245030494149219e+00
-4.934418930540945e+00
-6.7474012275316735e+00
-8.81895146317596e+00
-1.1619431066474348e+01
-1.476188447419023e+01
-1.4473331037229746e+01
-1.2789815226014165e+01
-1.0390955286495078e+01
-9.930004956624412e+00
-8.165927959893342e+00
-6.050073003206901e+00
-3.0695583719683666e+00
-9.822550906320451e-01
-7.624881908274521e-01
-1.2896208612788695e+00
-6.671553132099317e-01
1.139071411068302e+00
2.29187836780478e+00
1.0138614174815919e+00
-2.7261170631934264e+00
-6.277688946903202e+00
-9.877169346484099e+00
-1.3070879540072093e+01
-1.3806774067825621e+01
-1.555333779927409e+01
-1.3933583227332257e+01
-1.2025884898854061e+01
-8.021310785046548e+00
-4.261063134317875e+00
-1.9682382681108341e+00
-1.7733716359581366e+00
-3.930320116291659e+00
-6.045444594707257e+00
-8.064122310809704e+00
-1.087441278234089e+01
-1.3242929669304118e+01
-1.6372047406348287e+01
-1.613000742578844e+01
-1.5070202693331868e+01
-1.1572078451100614e+01
-1.0966482615597803e+01
-8.366379358989132e+00
-5.846128042479621e+00
-2.840938271799275e+00
-6.375848933354886e-01
-3.870578966153876e-01
-3.6865457322239215e-01
-1.7127218804671107e-01
1.4168692603732918e+00
2.086914060595705e+00
6.653709482251459e-01
-3.5639402090083743e+00
-7.798108706415578e+00
-1.1658111560764452e+01
-1.5390220960867273e+01
-1.605110091732574e+01
-1.8134601162449243e+01
-1.6050159789801395e+01
-1.4423072595454617e+01
-9.451020059481099e+00
-5.974696403589602e+00
-2.9743520918019053e+00
-2.263294821048918e+00
-4.737889069518842e+00
-6.704137014144607e+00
-9.080546616436628e+00
-1.1901719417551288e+01
-1.3676292142293413e+01
-1.6315631323347674e+01
-1.7049334627566008e+01
-1.5702112682771784e+01
-1.1549400962449006e+01
-8.724785963533208e+00
-5.753655295439836e+00
-2.8692479694881174e+00
-8.992993886391434e-01
9.505801042534808e-01
1.6137837504051853e+00
1.5432047764517132e+00
1.374076658983619e+00
1.9706534122041888e+00
1.9000706593351404e+00
1.216459217007626e-01
-4.495116906683945e+00
-8.548453954086325e+00
-1.2875138143744035e+01
-1.6428362023363945e+01
-1.7140944759636106e+01
-1.8263124979636995e+01
-1.693393755730626e+01
-1.4618782637196263e+01
-1.066645834963108e+01
-6.5751372506082095e+00
-3.432986553591262e+00
-2.3204865625251734e+00
-4.483378676337424e+00
-6.778862195169146e+00
-9.09614874794633e+00
-1.1859866859075963e+01
-1.3168235200613164e+01
-1.6286768202159912e+01
-1.625225263276574e+01
-1.5141520373173265e+01
-1.0466479738973995e+01
-7.420436628230635e+00
-3.788328637541569e+00
-1.0033492285923298e+00
4.322210184124836e-01
1.4939631623659688e+00
2.356115158317054e+00
2.561573505686802e+00
2.245566502184617e+00
1.9655123692670937e+00
1.5887879906362739e+00
4.611973751116915e-01
-2.988526840195508e+00
-6.794502270092076e+00
-1.0629862872870271e+01
-1.4464562207446113e+01
-1.591835643746648e+01
-1.771758748744733e+01
-1.5971744935095586e+01
-1.4646453826619052e+01
-1.0891708760623901e+01
-7.059925035888926e+00
-3.649970182230129e+00
-2.564962521292777e+00
-4.951545058242452e+00
-7.274333217820628e+00
-9.23519823627021e+00
-1.0953070754472815e+01
-1.2303426481242319e+01
-1.5439537529004193e+01
-1.5820051118692602e+01
-1.4134579116150666e+01
-9.926736200157707e+00
-7.4118733027524515e+00
-4.509604185140502e+00
-1.7178773291730622e+00
-8.21447184890038e-01
1.6726217245781494e-01
1.4073173378014248e+00
2.1316973261658676e+00
1.8096396640896224e+00
1.5782284030786085e+00
1.5873562773268672e+00
1.35511010841863e+00
-8.330082420982965e-01
-3.6474661380759676e+00
-7.513400154484403e+00
-1.135692552640545e+01
-1.2817675847481226e+01
-1.5513879373116133e+01
-1.4998299701305958e+01
-1.3963435134822326e+01
-1.010465658025231e+01
-6.568625921889979e+00
-3.8268774814827244e+00
-2.769062956481944e+00
-5.202891829705942e+00
-7.02638568723538e+00
-8.298386151503733e+00
-9.401284011264659e+00
-1.0204132578333317e+01
-1.2984485699138192e+01
-1.3977552860526359e+01
-1.3646749168559293e+01
-1.050950985078071e+01
-8.945455560061184e+00
-6.0507288214390815e+00
-4.043275426968367e+00
-2.7694682231233245e+00
-1.5021443874811122e+00
-2.07379198129094e-01
1.8388856747939625e-01
3.8128898919587806e-01
5.225488782020732e-01
1.5260921162965178e+00
2.109342954037881e+00
9.807749594263276e-01
-1.2905016639259037e+00
-5.057298262148096e+00
-8.120919600395727e+00
-9.785049362201088e+00
-1.2766268179753055e+01
-1.2990695095476001e+01
-1.2678216976181663e+01
-8.916890073489318e+00
-5.924407256664679e+00
-3.5809061905359183e+00
-3.2349746560003667e+00
-5.7866786627436015e+00
-6.6228426606080975e+00
-7.232731075900565e+00
-8.394579153707006e+00
-9.243726788435914e+00
-1.0318515931689289e+01
-1.1241087740860996e+01
-1.2018372091044158e+01
-1.0796215631600116e+01
-8.889346314411357e+00
-6.987681517249369e+00
-5.283957496576063e+00
-3.9088204774475632e+00
-2.7353375477305533e+00
-2.486818954282416e+00
-2.480922674354519e+00
-2.2352776796858103e+00
-1.374199801236544e+00
2.2144908290325352e-01
9.27246715695966e-01
3.9012586029710994e-01
-9.69621978174412e-01
-3.2553227240533142e+00
-5.402685474573199e+00
-7.237109125488922e+00
-9.661003003616125e+00
-1.0967307758204695e+01
-1.1219023296923739e+01
-8.822082437308657e+00
-5.535791463162152e+00
-3.2189198360274154e+00
-3.2399715870910715e+00
-5.193609320235733e+00
-6.037579043358464e+00
-6.633837623817595e+00
-8.41258843714257e+00
-9.195517119985078e+00
-1.0005794520616954e+01
-9.593910291326045e+00
-1.0446739773328176e+01
-9.634734453412806e+00
-8.902235274056276e+00
-7.482145920585407e+00
-6.737244463625275e+00
-5.43694535515564e+00
-5.32979166069581e+00
-5.093194290109971e+00
-5.994083126009748e+00
-5.434205739235024e+00
-4.9033814890149445e+00
-3.065135147828012e+00
-2.4528437122699316e+00
-2.1095775005850608e+00
-2.5007060254769757e+00
-2.7908672357143454e+00
-3.8406281722974254e+00
-5.631877738652576e+00
-7.926050607592062e+00
-8.534230176845776e+00
-9.646934850579427e+00
-8.20977010715424e+00
-6.451414592219128e+00
-3.6502340738048904e+00
-3.4838095012043144e+00
-5.3552181525417994e+00
-6.534169575437879e+00
-7.573614454773394e+00
-9.175861494657774e+00
-9.760715148185058e+00
-1.033917658885707e+01
-9.631486912547457e+00
-9.126604013609388e+00
-7.828223340685285e+00
-8.49109086314334e+00
-8.87872593169895e+00
-9.591990431149362e+00
-9.65250395223064e+00
-1.0888565816182059e+01
-1.1276225187780163e+01
-1.1851991884027546e+01
-1.1020146303335054e+01
-1.0859923089603202e+01
-8.745718272095315e+00
-6.549320044181677e+00
-4.829556666356039e+00
-3.6449136372778894e+00
-2.8979742893100613e+00
-3.5307135044915783e+00
-4.826066223501478e+00
-6.770326250268627e+00
-7.373357185576401e+00
-8.433125774057817e+00
-8.138173394498404e+00
-7.353440038053427e+00
-4.400778879533765e+00
-3.775774219810388e+00
-5.790300298983298e+00
-7.375565094151362e+00
-8.000858136018417e+00
-9.401758962552579e+00
-9.331269528527853e+00
-9.948293092183992e+00
-8.906218241019749e+00
-7.437084567986996e+00
-6.520599451904498e+00
-7.4404520273060175e+00
-8.341196148242158e+00
-9.626888456968492e+00
-1.1036523729050804e+01
-1.4550892250299059e+01
-1.5576547236256651e+01
-1.7766188138298283e+01
-1.654695301242967e+01
-1.67266295564452e+01
-1.3059544153012139e+01
-9.922843374290165e+00
-6.635227072794185e+00
-4.720465377655636e+00
-3.7313266937602108e+00
-4.409543617742563e+00
-5.3696299565980725e+00
-6.449944296602791e+00
-6.9554371371480554e+00
-7.834898153439926e+00
-7.989377385764525e+00
-7.371488173933652e+00
-4.272368285006409e+00
-4.286205025627308e+00
-7.104155655697659e+00
-8.596913241056855e+00
-8.874216478826682e+00
-9.409033821769919e+00
-9.434206292880006e+00
-9.106714573580339e+00
-7.75728274264333e+00
-6.494413411575888e+00
-6.276923164156154e+00
-6.104576537573234e+00
-6.396563853042073e+00
-7.713299649951387e+00
-1.0203581160945893e+01
-1.4006475779280388e+01
-1.7648510932716917e+01
-2.012470190834643e+01
-1.97836297406524e+01
-1.839954257273604e+01
-1.4917556158578359e+01
-1.0970945968058798e+01
-8.026313992103882e+00
-5.600364786416394e+00
-4.937075748466986e+00
-5.4934398520322345e+00
-6.013697514201069e+00
-5.9625974342058115e+00
-6.0438109023024955e+00
-7.1342817364508795e+00
-7.273224287907264e+00
-5.920936122870719e+00
-3.477958932685793e+00
-4.230967422304354e+00
-7.056415956856834e+00
-9.098251455439044e+00
-9.020408023603663e+00
-9.920945131854765e+00
-9.599361547290416e+00
-9.035220971391412e+00
-6.994103600799483e+00
-5.985119938458521e+00
-5.481498938110453e+00
-5.050124287089789e+00
-4.2635690339600805e+00
-5.38928128901399e+00
-8.11887216029459e+00
-1.1947986959538861e+01
-1.5167276437305125e+01
-1.8187947496214914e+01
-1.7891895379356704e+01
-1.6941636784401464e+01
-1.3023756641164663e+01
-1.056825043465301e+01
-8.204061780046866e+00
-6.7745829319400235e+00
-5.727550107497918e+00
-6.068764733832816e+00
-5.826645103666213e+00
-5.500153863699083e+00
-5.105086710275499e+00
-6.113883807238545e+00
-6.210301208944628e+00
-5.187390852252401e+00
-3.06728772960427e+00
-3.5611579140703684e+00
-6.0132416694263675e+00
-8.10083200559415e+00
-8.458915374350404e+00
-9.125467297545313e+00
-8.062824625660191e+00
-7.623132023235476e+00
-5.972812897910918e+00
-4.536404420891514e+00
-3.9831060874878856e+00
-3.449749137996332e+00
-2.4154924210094415e+00
-2.601225847586153e+00
-5.0171271825832005e+00
-8.522595866559636e+00
-1.0957745674946459e+01
-1.2694864725969362e+01
-1.2003160428062582e+01
-1.1913592989323542e+01
-9.962622580920286e+00
-7.950099995302862e+00
-6.467479669478659e+00
-6.311440991584973e+00
-5.617315980832776e+00
-4.807860594659571e+00
-4.083828141380257e+00
-3.735224327197134e+00
-3.387654454911679e+00
-3.9485757756295516e+00
-4.214116225424808e+00
-4.058713610207138e+00
-2.475722213578328e+00
-2.0910777706614487e+00
-3.7801632564560337e+00
-5.144616600135982e+00
-5.368433527943269e+00
-5.819852368559055e+00
-4.861577288769347e+00
-4.673011348986172e+00
-3.6621851922815756e+00
-2.695247993581371e+00
-2.289156169752632e+00
-1.7348792683470975e+00
-8.18382040075951e-01
-6.858068135221671e-01
-2.312133951127501e+00
-4.506685970041533e+00
-6.313037608657608e+00
-6.8774003982241325e+00
-6.325186665724259e+00
-6.466970600267197e+00
-5.463180937639537e+00
-4.179319137505157e+00
-3.57577396427707e+00
-3.93553302464418e+00
-3.3290980655980955e+00
-2.4501441939455915e+00
-1.945348774531652e+00
-1.7273011448584814e+00
-1.6303847542185435e+00
-1.8221533255123836e+00
-2.162367671911952e+00
-2.171269946613075e+00
-1.280369050679088e+00
