-3.199575873520968e-01
-6.342646275599684e-01
-7.050829558221448e-01
-9.637055834812981e-01
-1.0567387684017113e+00
-1.0113846219311262e+00
-1.0044484687019901e+00
-1.265080840871027e+00
-1.852513316780711e+00
-2.018135139099988e+00
-1.7846640165450476e+00
-1.5970513631518113e+00
-1.9164904020373335e+00
-1.9622989131874613e+00
-1.9674011671584164e+00
-2.4727858182330773e+00
-3.3887908945378578e+00
-3.3767592458949154e+00
-2.988359363122245e+00
-2.7420826138632233e+00
-3.2641948013987063e+00
-3.659379190151304e+00
-4.184726081909761e+00
-4.4889125739914135e+00
-4.513856397666846e+00
-3.4755647855882557e+00
-2.306163978569937e+00
-1.2865593710474923e+00
-9.860081520627442e-01
-6.473558483545614e-01
-2.8372693280531996e-01
-2.2692507956892785e-01
-6.178359700385715e-01
-1.0276193845466692e+00
-1.4324015087308315e+00
-1.8092798196387887e+00
-2.1319625626454632e+00
-2.1524004411080626e+00
-2.368801712899679e+00
-2.583499378975104e+00
-3.2926270463079916e+00
-3.421066345044931e+00
-3.5758796485316076e+00
-3.4481427635104662e+00
-4.012159614558847e+00
-4.113929040827182e+00
-4.694844757983983e+00
-4.883822510364715e+00
-6.001403219282506e+00
-5.689476004856024e+00
-5.567709000999793e+00
-5.153017076184073e+00
-6.445338820910298e+00
-6.568836483579084e+00
-8.185001700525888e+00
-8.222673654230254e+00
-8.430713972885574e+00
-6.256706749039178e+00
-4.009464227124058e+00
-2.1992996839661907e+00
-1.6646577951284622e+00
-1.261599026342248e+00
-1.2296600768018924e+00
-1.1626036867876788e+00
-1.1071511016134625e+00
-2.1310381392494087e+00
-3.1049910516087595e+00
-3.635281173417929e+00
-4.151163869141147e+00
-4.338918841174517e+00
-4.894167269409206e+00
-4.913742217509221e+00
-5.331348762105433e+00
-5.810326717220052e+00
-6.50543919811026e+00
-6.844029584050326e+00
-7.610973922396073e+00
-8.493643927210504e+00
-9.773812592484685e+00
-9.939309319251453e+00
-9.9804053437948e+00
-9.969733260972042e+00
-1.1063372480028052e+01
-1.1361334182710014e+01
-1.208663571795467e+01
-1.276677190925629e+01
-1.5029005174012113e+01
-1.4491244070457878e+01
-1.3122126239928784e+01
-9.435512898527124e+00
-6.958198350896528e+00
-4.644229379590689e+00
-3.1260904366736333e+00
-2.653326219890863e+00
-2.685587239137433e+00
-2.160930836376798e+00
-1.5226914955144384e+00
-2.9208566056291425e+00
-4.046323397494358e+00
-4.636140879265482e+00
-5.619814886934918e+00
-5.919398318434563e+00
-6.497999365003576e+00
-6.747691396911607e+00
-7.5889575812548244e+00
-7.8112885622488415e+00
-9.341772871044661e+00
-9.972074833585458e+00
-1.2099707467124055e+01
-1.327425485332285e+01
-1.549580586080781e+01
-1.4977980772254e+01
-1.5294869220353537e+01
-1.4989589271660579e+01
-1.7831721081126048e+01
-1.800672656851188e+01
-1.9131668834263657e+01
-1.8965437146161563e+01
-2.1262319899334475e+01
-1.8866546065454376e+01
-1.705636197095467e+01
-1.2283648215976898e+01
-9.36647595318841e+00
-5.971064087960831e+00
-4.529176711863319e+00
-3.844164872376969e+00
-3.43770004176051e+00
-2.497094060610854e+00
-1.8782901489678576e+00
-3.286270315256422e+00
-3.9800668576654954e+00
-4.895795758943279e+00
-6.40359396921207e+00
-7.115940230120404e+00
-7.7408184036846155e+00
-8.613591845750294e+00
-9.936102524341827e+00
-1.0771551645300885e+01
-1.169253629425948e+01
-1.3427316892582299e+01
-1.639048116462796e+01
-1.8836797002224188e+01
-1.972332043655096e+01
-1.9483437900547674e+01
-1.947052679498583e+01
-2.015156915726639e+01
-2.185319506041425e+01
-2.24417652051081e+01
-2.2940399621574816e+01
-2.2572877048463887e+01
-2.253442003975513e+01
-2.056994287112411e+01
-1.7780549391560687e+01
-1.3603668193307726e+01
-9.27408408987011e+00
-6.101052676639068e+00
-4.807621367644353e+00
-4.2148724096117975e+00
-3.6130163491074305e+00
-2.8734613835871707e+00
-1.7419679747671317e+00
-2.8458465393510117e+00
-3.759063121592399e+00
-4.908661247859676e+00
-6.736858086806804e+00
-7.695500498848126e+00
-9.316545163004694e+00
-1.0049134366754826e+01
-1.2059491432059797e+01
-1.2659307535387635e+01
-1.4028876413868495e+01
-1.4617049195617769e+01
-1.811736817802471e+01
-1.9325468715338346e+01
-1.968092193423695e+01
-1.8717434885525595e+01
-1.9787837680974363e+01
-1.9625537809555556e+01
-1.9974588222116715e+01
-1.911565768111575e+01
-1.9912378963470026e+01
-1.89075787201549e+01
-1.8753406773200652e+01
-1.6148519301175828e+01
-1.4530024962157649e+01
-1.1408120892753502e+01
-8.364614859272967e+00
-5.442808693260519e+00
-4.666485718845506e+00
-4.569846972540914e+00
-4.9265803866211035e+00
-4.221663141198825e+00
-1.7814571970075788e+00
-3.162549285452652e+00
-4.315414387011064e+00
-5.9266563676728685e+00
-7.873264690411102e+00
-9.502232372338376e+00
-1.1473796957069625e+01
-1.1887036515138849e+01
-1.2793864974051996e+01
-1.3136289081055352e+01
-1.4781764281093247e+01
-1.4877201858161564e+01
-1.5933246670941651e+01
-1.4827936019437654e+01
-1.5148400486068708e+01
-1.4353572715675861e+01
-1.4502773865033918e+01
-1.3120120014238722e+01
-1.2012594460601553e+01
-1.0715784206220617e+01
-1.0335258203402983e+01
-9.479246326785956e+00
-1.0287239104170995e+01
-1.0006721001199146e+01
-9.34007802009356e+00
-7.844287486048565e+00
-6.795484815517509e+00
-5.441927628843992e+00
-5.329816593743643e+00
-6.110747536187617e+00
-7.244289668215126e+00
-6.350665864166542e+00
-1.9330025496157373e+00
-3.602113747560409e+00
-5.072557631516131e+00
-6.700861796805334e+00
-8.902878829349357e+00
-9.880638631312117e+00
-1.1298484418144689e+01
-1.0912509386792046e+01
-1.100762585872361e+01
-1.0984557334936511e+01
-1.2546319251828312e+01
-1.1811117171076505e+01
-1.1381929288474565e+01
-9.860066572396814e+00
-9.485241461000925e+00
-8.213008588984914e+00
-6.604694647608592e+00
-4.592872666832988e+00
-2.072092479463038e+00
-9.062187793703609e-01
9.057492968410914e-03
-1.0094496963541515e+00
-2.6648648670371626e+00
-4.456042208770247e+00
-4.648923580124399e+00
-4.9747850041879085e+00
-5.307292829710126e+00
-5.657299612592501e+00
-6.7815852505218e+00
-8.010229947771391e+00
-9.39151468441609e+00
-7.835695539072313e+00
-2.4691507212207258e+00
-4.618899893543257e+00
-5.882184229103132e+00
-7.366772785064448e+00
-9.504629910781501e+00
-1.0191690529236205e+01
-1.025719666137596e+01
-9.412199004726634e+00
-9.055652568035063e+00
-9.121626079199723e+00
-9.180812109261993e+00
-8.317987311461042e+00
-7.20676407615233e+00
-6.1423034101037e+00
-3.9246619818063135e+00
-1.3497122520176297e+00
1.0111123082224858e+00
2.6135981492592664e+00
4.853628230431076e+00
5.45516021626143e+00
4.906980593361636e+00
2.5534276472081885e+00
1.6211366547111292e+00
2.2602193197677306e-01
-1.1609894021020224e+00
-2.9270825027328455e+00
-4.428537230144017e+00
-6.74768443199862e+00
-9.639050338432515e+00
-1.0954436108356298e+01
-1.1001568596312733e+01
-8.900783420478914e+00
-2.520215841875646e+00
-4.474458493272152e+00
-6.160586578002905e+00
-7.53663594294265e+00
-9.714787019188039e+00
-1.011387040341538e+01
-1.0417805275490073e+01
-9.073430382270512e+00
-8.43750921462638e+00
-7.527355846144701e+00
-6.968127530243883e+00
-5.250677624481009e+00
-3.5823152054933782e+00
-2.2745819913142444e+00
-1.0767862951033494e-01
2.31100315582554e+00
4.208108799179022e+00
4.4406567638363486e+00
3.9137278864244442e+00
2.299690122578354e+00
3.6972296418754275e-01
-3.138451856272882e-01
5.529806488173004e-01
1.5397462493110623e+00
1.5693879701061582e+00
-9.597821454902815e-01
-4.513097674964578e+00
-8.153808100885954e+00
-1.2200675370150766e+01
-1.2833073556169289e+01
-1.2590545321338967e+01
-9.4672470728357e+00
-2.7660306335057943e+00
-4.818183756788298e+00
-6.709894207562084e+00
-8.538745511715073e+00
-1.028283987608403e+01
-1.0544648847620179e+01
-1.1400264751054134e+01
-9.859613784435789e+00
-8.324780226299914e+00
-6.451298177557135e+00
-4.6318267778228925e+00
-2.535502818378536e+00
-1.6143422536155047e-01
1.2290286006658664e+00
2.2954290377544355e+00
2.640903040328496e+00
2.5537870477022198e+00
1.031727238636396e+00
-1.3538898874958694e+00
-4.386204794228191e+00
-5.54077484120353e+00
-3.5380481327643394e+00
-6.541218279420151e-01
2.174188777524206e+00
2.7414668106165867e+00
-7.632418277294224e-01
-5.176661417967026e+00
-9.520472774642421e+00
-1.2814575256849627e+01
-1.2017356387511622e+01
-1.2246562159779403e+01
-9.282864450790841e+00
-2.9019443007052477e+00
-5.065071101882182e+00
-6.8927499615441885e+00
-8.509977627510246e+00
-1.0090620024158198e+01
-9.991360277202071e+00
-1.0938002743002317e+01
-9.686653395154863e+00
-8.382334774872275e+00
-5.595148125017806e+00
-2.661058272522259e+00
-4.988975668814501e-01
1.7387657558843936e+00
1.9968593455223338e+00
1.2696443399242514e+00
-6.330421143025534e-02
-1.805221939009178e+00
-3.9473886105711173e+00
-6.289169411833779e+00
-7.183181042116386e+00
-6.58633857627359e+00
-3.7198483358677716e+00
-8.454999418854656e-02
2.4565962211114907e+00
2.100600564396546e+00
-2.0449845369722963e+00
-6.281190193219161e+00
-9.339123265755541e+00
-1.0513065855816441e+01
-9.60106786055883e+00
-1.0125712781901646e+01
-7.891198900931525e+00
-3.392461391822075e+00
-5.84123648849916e+00
-6.9713213919241825e+00
-8.17722870446433e+00
-9.814732375626537e+00
-1.0161406125258509e+01
-1.020051057230136e+01
-9.149295841837645e+00
-7.673770180895524e+00
-4.335022232637368e+00
-5.253477430377208e-01
1.667913611485864e+00
1.9264341977495019e+00
1.619763082626291e-01
-1.5429756287925829e+00
-3.666144662077105e+00
-5.070937746286407e+00
-5.747475205749803e+00
-6.265111334816414e+00
-5.4351985812603205e+00
-3.2181299852321534e+00
-7.899737567564595e-01
1.296953471072058e+00
2.184370240786057e+00
6.452259584987968e-01
-3.356543053284542e+00
-6.557777535771425e+00
-7.908872007929368e+00
-8.602937891062844e+00
-7.8497158086667165e+00
-7.6465691992656195e+00
-6.2161085099463484e+00
-3.2512621521881933e+00
-5.345766079548651e+00
-6.745741118899071e+00
-7.986298712431845e+00
-9.924598059825293e+00
-1.0645857607304281e+01
-1.0489793716339166e+01
-8.214094412668048e+00
-6.166669954748292e+00
-2.618825684143108e+00
5.413182638998046e-01
2.140419815905692e+00
1.499912593680717e+00
-5.215545855973911e-01
-1.9518026138486675e+00
-3.2500701060298254e+00
-3.710034990868855e+00
-2.721978285792341e+00
-2.5707355243800953e+00
-1.9568754166463316e+00
-2.814874295593158e-01
1.2330775914852197e+00
1.577158731164476e+00
9.973857293289767e-01
-4.1595422823492467e-01
-2.8622200988026445e+00
-5.000918578374547e+00
-5.734091906993983e+00
-6.785319594429151e+00
-6.635973929256537e+00
-6.545804377772942e+00
-4.943874397280433e+00
-3.2361813127566035e+00
-5.512496643848166e+00
-7.250984112059745e+00
-8.90214857842454e+00
-1.0850403509643582e+01
-1.1011232798991276e+01
-1.1151847238820599e+01
-8.289177205436356e+00
-4.964870762831743e+00
-1.5856461917055362e+00
9.058683948290838e-01
1.645018758672793e+00
1.0572466786130659e+00
3.4475451498377613e-01
7.542835791201691e-01
7.040953531490814e-01
7.597836872281741e-01
1.4702654253025171e+00
1.4035619163821218e+00
1.1318440151047608e+00
1.351543403280381e+00
1.2777790698637468e+00
1.0964868289749292e+00
8.988377100924687e-02
-1.2408593680347468e+00
-3.168127429312014e+00
-4.302465738995363e+00
-5.031008389786557e+00
-5.99971326156726e+00
-5.7788993212104804e+00
-5.8992382976066065e+00
-4.797675828242279e+00
-3.152999834975217e+00
-5.610981269269986e+00
-7.562688184181323e+00
-9.308660147991459e+00
-1.0923284089946637e+01
-1.052969577861544e+01
-1.0970419000888862e+01
-8.46318447605748e+00
-5.281610371442201e+00
-1.9085659816721188e+00
1.8126559041623032e-02
5.594321599725601e-01
6.013389624006407e-01
1.2169657039027246e+00
2.5474494800965073e+00
3.2464871437808935e+00
3.6432161406813828e+00
3.8372665721606385e+00
3.3009903785633092e+00
2.3673603341288447e+00
1.4285021829230125e+00
5.661444798810272e-01
4.357964515662259e-01
-6.050694575753499e-01
-1.9862435753726428e+00
-3.512279470146677e+00
-4.883752826388196e+00
-5.784003572096897e+00
-6.442810425484402e+00
-5.575405683338394e+00
-5.723591693357251e+00
-4.815564418703758e+00
-3.648224120206099e+00
-6.429369152209271e+00
-7.839510039699098e+00
-9.176732519994331e+00
-1.0706664658530114e+01
-1.0806991271486597e+01
-1.0544594300819918e+01
-8.544498630292043e+00
-6.008341837181005e+00
-3.634639278147679e+00
-1.871103803760404e+00
-1.4101734264025139e+00
-8.412379668012956e-01
1.7052095782750998e-01
1.3474065245179283e+00
2.398054765116665e+00
3.172406250907315e+00
3.1941561017338596e+00
2.791376033350044e+00
2.134087032740465e+00
1.1988742315458127e+00
9.076165457315996e-02
-4.116299783704426e-01
-1.8265763754321738e+00
-3.348210777991369e+00
-5.222840838781972e+00
-6.694983337858794e+00
-6.8020893853152895e+00
-6.883420910620058e+00
-6.059055380766262e+00
-5.609834671614843e+00
-4.811275176163556e+00
-3.5112094867692507e+00
-5.856245416249956e+00
-7.551394308778815e+00
-8.801276764841235e+00
-1.086289906995227e+01
-1.1586839238527869e+01
-1.1529320168761387e+01
-8.797044207153286e+00
-6.5127943895353635e+00
-4.380045504943936e+00
-3.155459240135308e+00
-2.446802906425962e+00
-1.9670911074373014e+00
-1.1342978606552367e+00
-1.1359322578019544e+00
-7.555124991585089e-01
-4.8081651450574386e-01
-1.0151348145851732e-01
2.9500525199494815e-01
1.5346389236460887e+00
1.8665466982965917e+00
5.385115268167504e-01
-1.0499563932067595e+00
-3.174279406493426e+00
-5.036046275521568e+00
-6.673035152147262e+00
-8.407083974087069e+00
-7.521391273492723e+00
-7.917960748928235e+00
-6.626128304249104e+00
-5.526274495999411e+00
-4.400282176340468e+00
-3.6046924709587866e+00
-6.122358721079789e+00
-8.11801345436542e+00
-9.660259989274081e+00
-1.1612461696677013e+01
-1.1876799269001156e+01
-1.2102768895197014e+01
-9.43199951796269e+00
-6.69954452212635e+00
-4.3210321115751755e+00
-3.0322303382027576e+00
-2.4520691339178544e+00
-2.2845254161363173e+00
-2.174094561898555e+00
-2.750293239526777e+00
-3.3872320753517617e+00
-4.297902323463638e+00
-3.8970851659158052e+00
-2.067182986924133e+00
9.560243837614929e-01
2.5932543603993192e+00
8.514483575129671e-01
-1.3370298436714345e+00
-4.221515458254245e+00
-6.559764616707113e+00
-8.285336026919477e+00
-9.958571702075574e+00
-9.507635202754082e+00
-9.130989264287198e+00
-6.946531068568102e+00
-5.930766381263694e+00
-4.556442997619271e+00
-3.4888971205069774e+00
-6.191382690687405e+00
-8.461468561639535e+00
-1.0106395543677946e+01
-1.18078036166976e+01
-1.1178646075553358e+01
-1.1408004756077595e+01
-8.922134505961969e+00
-6.113846123403926e+00
-3.471468526192587e+00
-1.6459615886975856e+00
-1.5072288322664835e+00
-1.8297354076779164e+00
-2.7822118305629564e+00
-3.9925536499401653e+00
-5.031882246979189e+00
-6.657305916099678e+00
-5.746167131294077e+00
-2.908718416206662e+00
6.249991393995717e-01
2.4591195776682815e+00
8.020497714380956e-01
-1.1784478870747173e+00
-4.270288136301086e+00
-6.894253317826687e+00
-8.972708267343528e+00
-1.117540658976375e+01
-1.0196879658405749e+01
-9.291334687047653e+00
-6.889585943812366e+00
-6.056295178046157e+00
-4.477965120419419e+00
-3.7710176276662097e+00
-6.745835625552507e+00
-8.761382743049872e+00
-1.012807264666065e+01
-1.1267282035722562e+01
-1.0402025162868378e+01
-9.820972341718482e+00
-7.84003439619446e+00
-5.534782302185784e+00
-2.8317597742583245e+00
-9.538896203165106e-03
4.548985111713927e-01
-9.953698276869025e-01
-3.5474411809492703e+00
-5.460136959770623e+00
-6.533676729206672e+00
-6.20234920813316e+00
-3.8073431604092742e+00
-1.2934322682757038e+00
1.0796702714032929e+00
2.013875346102103e+00
5.644016980842231e-01
-1.2569126827540724e+00
-4.396435662568263e+00
-7.415150312947925e+00
-9.664855258461651e+00
-1.1211544933767996e+01
-1.0316791922529662e+01
-9.166662842073935e+00
-7.101816954702204e+00
-5.396788044557264e+00
-3.808927817489546e+00
-3.573649469566757e+00
-6.272366760911883e+00
-8.648038751861117e+00
-9.532819562849921e+00
-1.0617236558070465e+01
-9.549574541482334e+00
-8.772016474627442e+00
-6.206853410762388e+00
-4.122430832596933e+00
-1.6008389683441286e+00
9.806785650678587e-01
1.7172542119517722e+00
-2.853963984151911e-01
-3.2554033191555845e+00
-5.113182784428686e+00
-5.1142659851496015e+00
-3.133787499575268e+00
-6.344373493516706e-01
7.396452852213786e-01
1.7486080876284698e+00
2.131120785575446e+00
8.160476886302911e-01
-1.0614714374794176e+00
-3.7602408769144e+00
-6.911910175108758e+00
-8.999349368571732e+00
-1.0105595037061883e+01
-8.925643171955278e+00
-8.1461022081982e+00
-5.967679292854408e+00
-4.376007727095898e+00
-2.5847722945208322e+00
-3.432900186939874e+00
-6.226579311577556e+00
-8.689695755871325e+00
-9.36825032961215e+00
-9.85109898578932e+00
-8.34339071916109e+00
-7.2901423664920415e+00
-4.719431622102395e+00
-2.13671383972834e+00
-3.136273023935111e-01
1.6209167210597495e+00
2.133558348334368e+00
9.388752701619494e-01
-1.1714726562872757e+00
-2.1574989593590903e+00
-1.1521242427207719e+00
5.136429327414687e-01
1.4444850374122662e+00
2.131319927220865e+00
1.9861188408683557e+00
1.6608199969311843e+00
-1.1755392992612893e-02
-1.7784253136811017e+00
-4.43799661310762e+00
-7.11136919608729e+00
-8.143694685270757e+00
-9.17470561440979e+00
-8.30928582743233e+00
-7.5008917798031245e+00
-5.218478620317266e+00
-3.250821706578486e+00
-1.5701055582281738e+00
-2.7957504412341128e+00
-5.464633600865154e+00
-7.587090288640128e+00
-8.333023114124243e+00
-8.453162148552655e+00
-6.591651398790359e+00
-5.457076780527331e+00
-3.4626602943284954e+00
-1.5278857983729524e+00
2.2464959281839478e-01
1.8825702463808953e+00
2.6042467748235967e+00
2.632805943764144e+00
1.827857282696324e+00
1.865829334273395e+00
1.884333713289649e+00
2.211793494679067e+00
2.030072194128875e+00
2.2095070109851047e+00
1.4268143492606815e+00
6.423671527688493e-01
-9.274525473810545e-01
-2.900918157789007e+00
-5.219946842805228e+00
-7.151308391646708e+00
-7.682926487312256e+00
-9.242268438496316e+00
-8.623479150736e+00
-7.889165013751566e+00
-5.186064702614257e+00
-3.052341481816944e+00
-1.2770632827496091e+00
-2.549882658183565e+00
-4.583398621346922e+00
-5.740398285987932e+00
-6.570197051739531e+00
-6.848016033625907e+00
-5.6260065082217015e+00
-4.214317519480481e+00
-2.6893425391416064e+00
-1.138128746571144e+00
2.66416387781853e-01
1.8649133507571813e+00
2.713495692227897e+00
2.9687126128790435e+00
3.179121369206075e+00
3.5130022759999284e+00
2.997842755376143e+00
2.3153411164020454e+00
1.288321490798286e+00
8.85388488089409e-01
-1.0779357418975166e-01
-1.3171841973444898e+00
-3.0344904251839746e+00
-4.546810853571444e+00
-6.0358688612681775e+00
-7.499374588419274e+00
-8.367748216074215e+00
-9.262259497078126e+00
-8.811181804400636e+00
-7.868335341608656e+00
-5.577810903698546e+00
-2.996060549837552e+00
-1.142452812538172e+00
-2.069673237502632e+00
-3.6502083428115704e+00
-4.750636641381826e+00
-5.52207737893174e+00
-6.122020140407043e+00
-5.922235267477402e+00
-5.5186435763939725e+00
-3.6632804366027876e+00
-2.023161391667755e+00
-4.334204835265025e-01
2.5430597992774323e-01
6.592937323771896e-01
9.032450893720325e-01
1.2091073940951487e+00
1.0015710764724237e+00
7.338724500061082e-01
1.1365832842785659e-01
-7.233719063443462e-01
-1.6687345970012404e+00
-2.552381322946643e+00
-4.013721512359918e+00
-4.6908164552899425e+00
-6.050893834642766e+00
-6.645884211633702e+00
-8.312049112102851e+00
-9.126783302030143e+00
-9.62722529271794e+00
-8.527099118218556e+00
-8.230647602057111e+00
-6.227798181251593e+00
-3.886091272804895e+00
-1.8157936294218546e+00
-2.2243101655315747e+00
-3.767625466823804e+00
-4.922208739617253e+00
-5.788397450292435e+00
-6.878836490879425e+00
-7.471040290853962e+00
-7.871398180123389e+00
-6.5383328614848395e+00
-4.842805294664274e+00
-4.110836651156565e+00
-4.023029143665982e+00
-4.137749894394816e+00
-4.510366371295009e+00
-5.243904363391858e+00
-5.238300249861817e+00
-4.974466536097368e+00
-4.850871362836032e+00
-5.473956755138144e+00
-6.378357857093632e+00
-6.981844849745038e+00
-7.554078149077952e+00
-7.571536470389887e+00
-8.274668838992543e+00
-8.733023158631687e+00
-9.864744153879368e+00
-9.694443615350599e+00
-1.0111107173228671e+01
-9.300497026767202e+00
-8.865186674365683e+00
-6.766021972006642e+00
-4.4212134857296e+00
-2.2625348840419384e+00
-2.1549630830074142e+00
-3.8657439246775662e+00
-5.463521859683814e+00
-6.554625326947943e+00
-7.895912779167267e+00
-8.21524563672047e+00
-9.303299986801367e+00
-8.673077452534223e+00
-8.680957779365588e+00
-8.410298771011044e+00
-9.45821082996486e+00
-9.168718676027279e+00
-1.0733927447910082e+01
-1.1375379274449775e+01
-1.2029923968353115e+01
-1.0643147652144991e+01
-1.079561204715296e+01
-1.0589013183938592e+01
-1.1306117310972873e+01
-9.921162102290062e+00
-1.0344255831627878e+01
-9.658569927872733e+00
-1.0735133551730069e+01
-1.0293103176337379e+01
-1.055919123924428e+01
-9.601513642713014e+00
-1.0224913033575879e+01
-9.466519553208348e+00
-8.874596554559686e+00
-6.501940637724032e+00
-4.407237009661741e+00
-2.40928254991205e+00
-2.3786601318526106e+00
-4.3894876914560115e+00
-5.7020664326563555e+00
-6.674246351077354e+00
-7.688219126935944e+00
-8.10589719164384e+00
-9.033689929600241e+00
-9.882882825835514e+00
-1.0719882550033224e+01
-1.0989859639833321e+01
-1.1236641143844773e+01
-1.1725836459091516e+01
-1.3147358384424788e+01
-1.4150766318083301e+01
-1.3873013255506457e+01
-1.3409352636703678e+01
-1.4185405382636896e+01
-1.4558759766961604e+01
-1.3455389161027233e+01
-1.2132562320947216e+01
-1.2275552866670576e+01
-1.2481557516481036e+01
-1.2447656729915986e+01
-1.1406693751092424e+01
-1.0487638942495398e+01
-9.648108736798234e+00
-9.33207104291703e+00
-8.365500083327948e+00
-7.321405835963117e+00
-5.510488345042331e+00
-3.375328775036166e+00
-2.1220310277253165e+00
-2.022781009427682e+00
-3.719423026878931e+00
-5.0776159147479705e+00
-5.723398721243804e+00
-7.23079720535976e+00
-7.9668037984392095e+00
-8.878969600715122e+00
-9.347622497644531e+00
-1.048079407860778e+01
-1.0147656651254545e+01
-1.0098041332320339e+01
-1.029331158705856e+01
-1.242015887232224e+01
-1.2811042299170856e+01
-1.2964271551973146e+01
-1.2645895634119483e+01
-1.5095061038996402e+01
-1.4903526604960131e+01
-1.3315650367399249e+01
-1.1446757788019909e+01
-1.270906512052875e+01
-1.2824842288885751e+01
-1.2466610372367024e+01
-1.0395737567368046e+01
-9.588532365538013e+00
-8.65583427044319e+00
-7.980312379306444e+00
-6.179724661697826e+00
-5.360455720003712e+00
-4.052754312046831e+00
-2.6781718768758935e+00
-1.7075671559515675e+00
-1.5011149991464028e+00
-2.7645103990536364e+00
-4.065194502369503e+00
-5.05129917432074e+00
-6.376467871465376e+00
-6.912529842656996e+00
-7.99380218188444e+00
-8.340362438019723e+00
-8.338340999876445e+00
-7.260927714030385e+00
-7.958870513907116e+00
-8.964985591567935e+00
-1.0762427266478786e+01
-1.082281014589778e+01
-1.1783180382864032e+01
-1.1979733004918655e+01
-1.2725849896767567e+01
-1.1373293090680106e+01
-1.1368949386143344e+01
-1.0681097622932992e+01
-1.0746080354705558e+01
-9.855759364680315e+00
-1.0076002836923289e+01
-8.999879898770754e+00
-7.814224940726189e+00
-6.460107082107697e+00
-5.7024711292505135e+00
-4.2451094468964286e+00
-3.255999076999454e+00
-2.457723063844843e+00
-1.888465647244991e+00
-1.2646283510143115e+00
-7.034688730591476e-01
-1.5676825684635192e+00
-2.5030667427449083e+00
-3.3122357920577175e+00
-3.8807150657910894e+00
-4.009296429522193e+00
-4.91182755713105e+00
-5.071794944294621e+00
-4.71423816081725e+00
-4.034269528523771e+00
-4.972994327153752e+00
-5.826416315451265e+00
-6.709069756527214e+00
-6.594180628957542e+00
-7.796093662335849e+00
-7.497071155346432e+00
-7.123246038347657e+00
-6.14508833436469e+00
-6.8913417146821425e+00
-6.741096143819146e+00
-6.480567942551871e+00
-5.699846355192952e+00
-6.146467085393387e+00
-5.597822561383364e+00
-4.756344869305183e+00
-3.7605365493810905e+00
-3.2671116933754103e+00
-2.3042458162149386e+00
-1.612026805943168e+00
-1.1849789377535804e+00
-9.443407253361935e-01
-6.581551060291437e-01
