2.849894857438883267e-01
2.900801533448509884e-01
2.712583689738909953e-01
2.409834148899617778e-01
2.887289898594958548e-01
2.594782352823670757e-01
2.683868150188886692e-01
4.936441211463198919e-01
2.641639401927587949e-01
2.433061802914008032e-01
2.481662280841196999e-01
2.380589026444168976e-01
2.360689349394648751e-01
3.550100119313095992e-01
2.502241228571912557e-01
2.387824054851254707e-01
2.706991528827409899e-01
2.402360509006878642e-01
2.729797007582375756e-01
4.099861802697800650e-01
2.360940559224643798e-01
2.006780210855743929e-01
2.706697530414552966e-01
2.858786644071780736e-01
2.423416295266973275e-01
2.731519369260901331e-01
2.656579633438847510e-01
2.649541991320096268e-01
2.850331079145347890e-01
2.350205624398329085e-01
2.412709306314157476e-01
2.887077874266603117e-01
2.650346750097843929e-01
2.403449631519111174e-01
2.525976942201624276e-01
2.752942177049093608e-01
2.824808954586787713e-01
4.628261192521420653e-01
2.667616541950216802e-01
2.506978574537101490e-01
4.170779472463246873e-01
2.971082176983926848e-01
2.778740642209535650e-01
5.002041436519667483e-01
2.902705786589932502e-01
2.733613581915083079e-01
2.538066069647341716e-01
2.677676369537541623e-01
2.545925352134588149e-01
2.305087338516814688e-01
2.423528345197227818e-01
2.600905400155573699e-01
2.230904407730301409e-01
2.533763245674592879e-01
2.958675020871603389e-01
2.342415569464517400e-01
2.252249349467502770e-01
2.831197318451628142e-01
2.639502577457076837e-01
2.347013837069301667e-01
2.710559987234827939e-01
2.276093733777908856e-01
2.600438603941471194e-01
3.120003404756840348e-01
