-1.142179109497157563e-01
2.350126344609415607e-01
-1.180076306186370050e-02
3.811097104396532487e-01
-1.133156447048416782e-01
4.809067226962516761e-01
-5.142140314820067282e-01
5.065522419099766083e-01
-1.515959801918291272e-01
1.040979655377402557e-02
4.448160428418322376e-01
7.137898648325016748e-02
5.334453212478054152e-01
4.920395343960657919e-01
-1.098449331250964112e-01
5.833848279252388247e-01
1.176897195356365056e-01
9.724358060119103753e-02
6.267210655251700402e-01
2.880655649277758523e-01
4.055402174533469517e-01
6.325663064946809300e-01
5.741186154161049826e-01
1.815204864634883675e-01
-1.976506731324699506e-01
7.599742067561204850e-02
5.670585325955651568e-02
-6.596860691063521909e-03
3.423177090601519090e-01
-4.605914616992960453e-01
1.655422709154913685e-01
6.806722861401416358e-01
4.549035801658915523e-01
-8.131270237054352701e-02
2.384283345481889027e-01
-2.749208330129568889e-01
1.795646714479088302e-01
6.372707390097375191e-01
6.346993941371084635e-02
5.174010136537389171e-01
2.763272170841087894e-01
5.934063122456392780e-02
5.819977321141411863e-01
7.534791677922292319e-02
-8.315372637148998880e-02
3.002912325165166263e-02
3.644637845977687363e-01
5.677714810531453438e-01
2.546088436780139519e-01
2.935214401553501995e-01
3.843974770405605423e-01
2.322833788667659771e-01
3.574736448559998059e-01
3.516769782743455752e-01
1.210369108938070815e-01
2.537385129768108816e-01
-2.734249333526711512e-02
-7.843839953040446233e-02
-6.232115210033653541e-02
1.198161510350145842e-02
9.775136650516075276e-02
5.908356014676952039e-01
1.392665212440337419e-01
2.556780628475627815e-01
-2.526964433668690280e-01
-9.900530735762975987e-02
8.462939073839106929e-02
4.393266021331632132e-01
-8.806300369666919536e-02
-8.872655099771120657e-02
1.587755693264332468e-01
5.265441197180960042e-01
2.537962740496593761e-01
1.147268731911248174e-01
5.170807566354309603e-01
5.326678426812690992e-01
3.808672700199329797e-01
-1.741332532096200314e-01
-1.001404426519963142e-01
3.281083829820022335e-01
1.493601807029865669e-01
4.556037527811137022e-01
4.311752902420659117e-01
3.425518370213298525e-01
-2.509667841759596896e-01
3.455218796492893762e-01
1.922760354333472310e-01
4.912253212091092225e-01
5.662901755278599847e-01
3.526748250621903891e-01
5.077384106382470952e-02
5.579495344376830257e-01
5.829679504640926657e-01
-6.258383435458875210e-02
1.166332324679871524e-01
3.695929049776182640e-01
1.094975179480337790e-01
3.097869934862349517e-01
7.872120273998754747e-02
5.261247701606596161e-01
4.346270304161411469e-01
6.640672572591047595e-01
5.874207825371736691e-01
8.127039221199122698e-02
4.289455014724141146e-01
5.403811796030336123e-02
5.573569257570701874e-01
-1.726697318700637918e-01
-4.622158761928216175e-02
8.026453376776418458e-02
1.530176117561456994e-01
2.957785519260777152e-01
3.431258570270908637e-01
-2.320657928817407289e-02
8.053050017437130004e-02
5.235845164720944744e-01
7.757948131672975922e-02
-2.180153426445777809e-01
3.071770219838294014e-01
-2.450704299981573686e-01
-1.491491953108231017e-01
1.225202718603807250e-01
6.955406762436837642e-01
1.128557188882566148e-01
4.411000775963017650e-01
6.363693745671729074e-01
5.516308188907382837e-01
2.585017203477865677e-02
