1.17347920e+00  1.10760856e+00  1.23283684e+00  9.77333426e-01
  1.01370287e+00  1.11130250e+00  1.14017546e+00  1.05761337e+00
  1.10567629e+00  1.02590942e+00  1.18612194e+00  1.08243632e+00
  8.72868001e-01  1.21232069e+00  1.14899421e+00  1.11016393e+00
  9.94465113e-01  1.02608490e+00  1.16250873e+00  1.12553108e+00
  1.02621269e+00  9.22009766e-01  1.12913394e+00  9.27117348e-01
  1.07637537e+00  1.11707723e+00  1.10191083e+00  1.12051177e+00
  1.15191770e+00  1.02522492e+00  1.00592577e+00  1.06336236e+00
  9.66094613e-01  1.13623190e+00  9.72602665e-01  1.08488226e+00
  1.19247735e+00  1.06586850e+00  1.07448220e+00  9.70663249e-01
  9.90228891e-01  9.70876753e-01  1.02693439e+00  1.02556717e+00
  1.12889636e+00  1.15038967e+00  1.00523543e+00  1.01313996e+00
  1.02381897e+00  1.04610515e+00  1.12659180e+00  1.05011117e+00
  1.02774632e+00  1.16194403e+00  1.23438299e+00  1.10849023e+00
  1.05714381e+00  8.90909493e-01  1.12192631e+00  1.04486370e+00
  9.62821603e-01  1.03548324e+00  1.06906497e+00  1.15467811e+00
  1.12529933e-01  1.17172450e-01  1.40107006e-01  2.80731581e-02
 -3.82168368e-02  1.21336862e-01  1.30589649e-01  3.60300466e-02
  1.12609677e-01  5.03175333e-02  1.80656135e-01  1.09437376e-01
 -1.23925760e-01  1.93191264e-02  1.61295444e-01  1.61241144e-01
 -5.43739982e-02  1.43402338e-01  1.51461169e-01  2.43670233e-02
  1.38856396e-01 -8.51774365e-02  1.21040769e-01 -1.20520271e-01
  9.68812779e-02  8.64774808e-02  9.56218839e-02  1.22147806e-01
  1.11589290e-01  1.32271931e-01  8.01784918e-02  3.84664945e-02
 -1.27828553e-01  1.43474340e-01  1.66930631e-02  8.00144300e-02
  9.22066793e-02 -1.21376984e-01  1.12475730e-01  3.57095934e-02
 -1.63765058e-01  5.13924062e-02  7.36135319e-02 -1.25132009e-01
  8.20006132e-02  1.60625204e-01  5.30932471e-02  4.23875228e-02
  8.39142501e-02  1.54658034e-01  1.94117680e-01  9.13561061e-02
  1.21409588e-01  1.85338289e-01  1.31586745e-01  7.52288699e-02
  4.16648872e-02 -1.22365758e-01  1.41881555e-01  1.07392028e-01
  1.16900355e-02  1.21486269e-01  6.17890246e-02  1.04926318e-01
  1.48352039e+00 -4.25857902e-02  8.86502445e-01  7.76260197e-01
  7.73794353e-01  3.52599055e-01  1.63936007e+00  1.43043667e-01
  1.15692127e+00  7.28265941e-01  1.65899849e+00  1.03632689e+00
 -4.68146920e-01  7.81974733e-01  1.35261941e+00  1.60789442e+00
 -4.57674563e-01  1.02285540e+00  1.40836990e+00  3.91790777e-01
  7.68202424e-01  3.36126626e-01  1.06614542e+00  2.25372002e-01
  9.90076363e-01  7.16732740e-01  1.04187810e+00  8.16592455e-01
  1.51041508e+00  1.47442639e+00  8.16561222e-01  6.08617842e-01
  3.33037496e-01  1.50063181e+00  6.12235844e-01  1.81894314e+00
 -3.15330811e-02  1.70836180e-01  8.52106273e-01  8.00929785e-01
  2.70874172e-01  6.57363534e-01  9.47879970e-01  4.09207419e-02
  1.04385746e+00  1.19038033e+00  5.78761280e-01 -3.11122060e-01
  1.38656521e+00  9.26059961e-01  1.34686232e+00  4.94753182e-01
  2.16823602e+00  9.93272603e-01  9.88289833e-01  6.51243567e-01
  1.55491576e-01  1.27051517e-01  2.70148754e-01  1.21869648e+00
  3.17575008e-01  5.99523306e-01  1.15598321e+00  1.23431313e+00
  1.69538174e+01  1.45782967e+01  2.06549377e+01  1.64469280e+01
  1.23255224e+01  1.83416767e+01  1.80466652e+01  4.58913994e+00
  1.75179844e+01  1.77781811e+01  2.28430614e+01  2.06735401e+01
  1.36706038e+01  1.16604843e+01  2.10841808e+01  2.16147137e+01
  1.34950075e+01  1.82417469e+01  1.81345921e+01  7.53561878e+00
  1.88921623e+01  2.11081829e+01  1.74014931e+01  1.05163403e+01
  1.97264729e+01  1.67236805e+01  1.72037048e+01  1.78840942e+01
  1.63314857e+01  1.90284653e+01  1.73818855e+01  1.35648050e+01
  1.32862139e+01  2.23482990e+01  1.48245955e+01  1.55289850e+01
  1.78195915e+01  5.30260944e+00  1.62227650e+01  1.49901838e+01
  5.63585329e+00  1.06772203e+01  1.36570711e+01  4.20271873e+00
  1.51242342e+01  1.77088833e+01  1.56856327e+01  1.43150339e+01
  1.61706753e+01  2.05946693e+01  2.16081142e+01  1.63002701e+01
  2.12221546e+01  2.10289555e+01  1.74052544e+01  2.23932152e+01
  2.20300503e+01  9.90109062e+00  1.80659351e+01  1.98182850e+01
  1.26165085e+01  2.06959267e+01  1.69001007e+01  1.36955671e+01