9.13128734e-01  9.78302836e-01  9.63102102e-01  9.26781416e-01
  8.72135818e-01  1.00895464e+00  9.09564555e-01  9.93174136e-01
  8.99960160e-01  9.33104217e-01  9.91215408e-01  9.75969553e-01
  1.04333746e+00  1.13033009e+00  9.54234540e-01  1.01777947e+00
  1.00292099e+00  8.94632995e-01  1.04878771e+00  9.94011283e-01
  1.05629098e+00  1.15030074e+00  9.87719655e-01  9.92783129e-01
  9.75154817e-01  9.07585919e-01  8.16616952e-01  9.87485766e-01
  9.24047530e-01  9.46852982e-01  9.69933689e-01  1.17913151e+00
  1.03177559e+00  9.41327512e-01  9.96005058e-01  9.05173182e-01
  8.75165999e-01  1.17644155e+00  9.34570968e-01  1.09642601e+00
  1.04813778e+00  9.90595639e-01  1.13009560e+00  9.57907498e-01
  9.57193613e-01  9.74507272e-01  9.87378001e-01  1.06549382e+00
  9.60870624e-01  1.02668011e+00  1.02995634e+00  9.39280033e-01
  1.11507130e+00  1.01994002e+00  9.72938359e-01  1.05659235e+00
  9.52997446e-01  9.43126559e-01  8.90041411e-01  9.80254769e-01
  9.56780851e-01  1.15007937e+00  1.04832482e+00  9.82079327e-01
  1.00931895e+00  9.41825151e-01  9.34995592e-01  1.03520691e+00
  8.72680545e-01  1.01542842e+00  9.38927889e-01  1.08963108e+00
  1.10253048e+00  1.10281241e+00  1.09078550e+00  9.80752409e-01
  9.43534434e-01  9.55872238e-01  1.05753100e+00  1.04980111e+00
  9.61004138e-01  9.68446374e-01  9.72129941e-01  1.06861830e+00
  8.56397629e-01  9.43712890e-01  1.07385433e+00  9.14351404e-01
  1.04615009e+00  9.59241569e-01  9.21944499e-01  1.23482847e+00
  9.70509171e-01  8.56712997e-01  9.15052891e-01  1.06207359e+00
  9.71998572e-01  1.01417005e+00  9.72553611e-01  1.11635840e+00
  1.00099337e+00  1.07175446e+00  9.64332044e-01  1.00326633e+00
  9.10780072e-01  9.20013368e-01  1.04422653e+00  9.54008639e-01
  8.84312630e-01  1.01354599e+00  9.54041958e-01  1.08811736e+00
  9.75840986e-01  9.55002904e-01  9.18404579e-01  1.06065178e+00
  9.22327876e-01  9.72302556e-01  1.00596690e+00  8.79511654e-01
  9.88084555e-01  8.73462856e-01  1.06781459e+00  1.04885805e+00
  1.07272613e+00  1.12007344e+00  9.58166301e-01  9.37619090e-01
 -2.08472118e-01  4.69624400e-02 -2.22321093e-01 -2.78264195e-01
 -1.94403142e-01 -3.18756560e-03 -2.88156658e-01 -6.62005246e-02
 -2.36023620e-01 -2.29749992e-01 -2.22807005e-01 -1.32591560e-01
  7.13341162e-02 -5.59556372e-02 -2.06948742e-01 -5.57090947e-03
 -3.96105051e-02 -2.65358001e-01 -2.50756979e-01 -1.24604965e-03
  7.28016943e-02  2.82820374e-01 -1.17547996e-01 -1.44024864e-01
 -3.19743872e-01 -7.78716132e-02 -2.93772578e-01 -3.09071690e-01
 -2.29415089e-01 -2.70098984e-01 -2.20421791e-01  3.38379592e-02
 -2.55919784e-01 -1.70768857e-01 -2.50847012e-01 -3.15488130e-01
 -3.10772955e-01  2.46416494e-01 -2.46685132e-01  9.71033946e-02
  5.79875670e-02 -1.75794452e-01  2.38835230e-01 -1.07954785e-01
 -2.74000674e-01 -1.68430060e-01 -1.80886671e-01  9.19618309e-02
 -1.98517472e-01 -1.99031442e-01 -1.21502772e-01 -2.83540994e-01
  1.24129571e-01  2.30043265e-03 -2.63604194e-01 -5.33273928e-02
 -3.31105590e-01 -7.64712915e-02 -2.61202484e-01 -4.65383567e-02
 -2.81517237e-01  2.85427868e-01  2.87891272e-02 -3.94813530e-03
 -1.75088435e-01 -2.01528206e-01 -1.45974398e-01 -2.13624805e-01
 -3.19051951e-01 -3.07089716e-01 -2.10741147e-01  2.17471689e-01
  4.02365699e-02 -1.50071606e-01  6.66195974e-02 -1.72756314e-01
 -1.93332821e-01 -1.52071163e-01 -2.03883260e-01 -9.97218303e-03
 -2.79273719e-01 -1.03120841e-01 -1.37499943e-01 -1.89918578e-02
 -2.95251876e-01 -1.10413000e-01 -1.53283507e-01 -2.76800841e-01
  1.47583056e-03 -2.79179901e-01 -1.91952318e-01 -1.98135339e-02
 -4.14604023e-02 -3.23315382e-01 -2.29765967e-01 -1.89871132e-01
 -2.14583173e-01 -1.30955860e-01  5.65513270e-03  1.96127400e-01
 -2.81221092e-01  4.40860093e-02 -2.93529123e-01 -1.05644234e-01
 -2.63952076e-01 -1.54746458e-01 -1.20665438e-01 -1.75643802e-01
 -1.91798702e-01 -1.20726638e-01 -1.23153165e-01  9.90582854e-02
  1.37682240e-02 -2.37824634e-01 -2.75710344e-01  4.86826375e-02
 -2.98143864e-01 -1.87047720e-01 -1.89465553e-01 -2.24684149e-01
 -2.64436841e-01 -2.67013729e-01 -9.56928059e-02 -8.02712440e-02
  5.34666590e-02  4.58587445e-02 -2.06503361e-01 -2.38628983e-01
 -6.09558105e-01 -1.19245851e+00 -1.30691123e+00 -4.03677559e+00
 -5.03161311e-01 -3.20339370e+00  1.41704798e+00 -3.56921768e+00
 -5.19902110e-01 -1.41834807e+00 -3.98459005e+00 -1.36099362e+00
 -2.80960417e+00 -2.90710449e+00 -5.65479815e-01 -3.24004912e+00
 -9.69265997e-01 -2.29857087e+00 -5.16884422e+00 -1.91299522e+00
 -2.01499653e+00 -1.99725628e+00 -4.26253033e+00 -1.81817961e+00
 -7.69261062e-01 -9.89334822e-01 -2.80129409e+00 -1.78371823e+00
 -3.40441966e+00  1.23318291e+00 -2.22514224e+00 -3.21604252e+00
 -3.57946944e+00 -5.83565354e-01 -2.71835780e+00 -2.53120184e-01
 -3.24282551e+00 -2.17833924e+00 -2.07015681e+00 -2.39341521e+00
 -1.26945913e+00 -1.37328255e+00 -1.90881598e+00 -1.18661356e+00
 -1.21710670e+00 -1.21591270e+00 -3.06081724e+00 -2.95967293e+00
 -3.00651503e+00 -3.03035164e+00 -2.65452313e+00 -3.23480296e+00
 -1.40613401e+00 -2.08898926e+00 -2.13206053e+00 -1.73831856e+00
 -1.79601610e+00  1.45973852e-02 -1.41019475e+00 -3.31112921e-01
 -2.27285886e+00 -1.71209800e+00 -6.71325207e-01 -1.64274848e+00
  4.78770643e-01 -7.16132641e-01 -1.44967520e+00 -3.58741498e+00
 -1.69658780e+00 -1.19697142e+00 -2.63233113e+00 -1.88216186e+00
 -1.23174119e+00 -1.43951118e+00 -2.80892348e+00 -4.11549759e+00
 -3.10269952e+00  1.33272827e-01 -5.40703535e-01 -2.10274887e+00
 -2.49513078e+00 -3.16190267e+00 -3.62701750e+00 -2.23297930e+00
 -3.16237450e-01 -3.01145744e+00 -1.80275941e+00 -5.45293808e+00
 -3.41068530e+00 -3.53711605e+00 -1.73234117e+00 -2.90171647e+00
 -3.79433632e+00 -1.75304556e+00 -2.05747366e+00 -3.42578030e+00
 -2.17061710e+00 -2.52185440e+00 -4.84487504e-01 -2.03652334e+00
 -4.16794252e+00 -3.08798242e+00 -4.89019156e+00 -1.02540648e+00
 -4.28336334e+00 -1.41146469e+00 -3.69249201e+00 -1.73790380e-02
 -9.91086125e-01 -1.14937901e+00 -1.78195381e+00 -1.26489460e+00
 -2.10211110e+00 -1.40922940e+00 -2.19996333e+00 -3.02176094e+00
 -2.29384828e+00  1.99457601e-01 -2.83598399e+00  1.28942817e-01
 -6.86545491e-01 -2.80171061e+00 -4.32311344e+00 -1.01826191e+00
 -2.25605321e+00 -3.08891153e+00 -4.64967823e+00 -1.56809175e+00
  3.48722763e+01  3.84834785e+01  3.57467537e+01  3.21919174e+01
  2.92860031e+01  4.45752983e+01  3.25076408e+01  3.83046188e+01
  3.07118721e+01  3.03676414e+01  3.49967995e+01  4.24071960e+01
  4.02379723e+01  3.59555817e+01  3.08786201e+01  3.13495560e+01
  3.81899719e+01  3.21612358e+01  3.81661339e+01  4.31984940e+01
  4.09165459e+01  4.31494217e+01  3.70507507e+01  3.07429276e+01
  3.77485428e+01  3.40523338e+01  4.26011581e+01  3.39096184e+01
  3.02743092e+01  3.75710106e+01  3.12674179e+01  3.43691902e+01
  2.69940681e+01  3.77075691e+01  3.06207256e+01  3.18970966e+01
  3.34984436e+01  4.29884682e+01  3.89100800e+01  3.89825058e+01
  3.71361847e+01  3.34706993e+01  3.95137138e+01  3.84518051e+01
  3.72627411e+01  3.56467857e+01  3.07097435e+01  4.39251175e+01
  4.06450195e+01  3.98969536e+01  2.92055912e+01  3.46952171e+01
  4.51497688e+01  3.71896858e+01  2.90832806e+01  3.57765388e+01
  3.17482815e+01  4.89806786e+01  3.98271904e+01  3.07615242e+01
  3.28747826e+01  4.15663948e+01  4.05788841e+01  3.86124191e+01
  3.87692680e+01  4.32788506e+01  3.45473785e+01  3.23476257e+01
  4.10837708e+01  3.09808559e+01  4.47370796e+01  4.40293732e+01
  4.04362411e+01  3.59410133e+01  4.62630692e+01  3.27378044e+01
  2.59927197e+01  3.33408432e+01  3.03790550e+01  4.26322517e+01
  3.12932186e+01  3.00357246e+01  3.84421806e+01  4.35595169e+01
  3.73982086e+01  3.88522720e+01  3.13838825e+01  4.21429634e+01
  3.99069901e+01  2.88340111e+01  4.32945480e+01  3.84602737e+01
  3.47770882e+01  3.31785088e+01  2.95387764e+01  4.22934990e+01
  4.23819695e+01  3.36727142e+01  4.15863037e+01  4.74630852e+01
  3.39665375e+01  2.84949493e+01  2.86541386e+01  3.02917023e+01
  3.16989651e+01  3.86830101e+01  3.23390388e+01  3.10770435e+01
  3.62440109e+01  3.35928268e+01  3.78931694e+01  4.89500427e+01
  3.87902679e+01  3.93214226e+01  3.21660728e+01  4.55458221e+01
  3.17066231e+01  3.92172585e+01  3.29969559e+01  3.09447842e+01
  3.46217308e+01  3.94669609e+01  3.40379105e+01  3.05810509e+01
  3.89782944e+01  3.43269997e+01  3.45320892e+01  3.09028740e+01