 8.72587785e-03 -7.26829749e-03 -6.66842982e-02 -7.23287696e-03
 -9.91883222e-03  8.35996401e-03  1.36625040e-02 -2.66037527e-02
  1.94048770e-02 -7.48939365e-02 -5.66540360e-02  3.51540418e-03
 -2.10711882e-02  1.94701310e-02 -3.21584716e-02  4.22120355e-02
 -1.21736052e-02  1.86912529e-02 -1.20725967e-02  1.66814635e-03
 -4.75596869e-03 -5.14201522e-02 -3.14565189e-02 -4.02611494e-03
  1.76344253e-03 -4.28973995e-02  2.46255659e-03  1.16332220e-02
 -5.39311115e-03  8.61733705e-02 -5.87221608e-02 -4.56176475e-02
 -2.95736473e-02  1.60527639e-02 -9.72517952e-03 -4.33847159e-02
 -3.97426300e-02 -3.03643718e-02 -3.75480466e-02  7.58729922e-03
 -2.88899299e-02 -3.76633070e-02 -5.13527729e-02  1.28509442e-03
 -4.47306223e-02  1.03736855e-02 -3.89072835e-03  1.93713121e-02
 -2.85124537e-02  3.45697924e-02 -6.12106211e-02 -2.23968681e-02
 -3.67724174e-03 -6.09441847e-02 -5.49438596e-03 -7.52539709e-02
 -1.84202421e-04 -7.66958995e-03  1.98451951e-02  3.72889936e-02
  3.38737816e-02  6.69684559e-02  6.33220328e-03  1.82275642e-02
  6.30029663e-03 -2.00549364e-02  5.58467000e-04 -7.22468421e-02
 -5.10166101e-02 -4.69338968e-02 -7.57297054e-02 -1.01220384e-02
 -1.92159752e-03 -7.45260343e-03 -1.36100516e-01 -5.54979555e-02
 -3.86016234e-03 -2.23554429e-02 -2.70625278e-02 -4.89486754e-02
 -6.66524172e-02  9.21806972e-03 -6.80644214e-02  5.51458932e-02
 -1.01541065e-01 -6.21800162e-02 -2.70921625e-02 -7.36555606e-02
 -4.57215011e-02 -9.70836580e-02 -7.19081312e-02 -2.81962939e-02
 -3.02590593e-03 -4.81137671e-02 -7.09564984e-02 -1.27316505e-01
 -1.40510208e-03 -4.35382221e-03 -2.42997427e-02  8.27925466e-03
  3.91720086e-02 -1.02934882e-01 -5.38749434e-02 -7.84072001e-03
 -3.71525884e-02 -3.71173881e-02 -8.12552944e-02  1.19731771e-02
 -5.69801033e-02 -7.12500978e-03  3.52006382e-03 -3.77830379e-02
 -3.41118239e-02  5.86938951e-03 -3.87053341e-02 -6.84797689e-02
 -3.44054215e-02 -1.01367377e-01 -5.22467792e-02 -7.67868236e-02
 -4.49963436e-02  1.50273461e-02 -6.73032627e-02 -1.34146279e-02
 -5.96401840e-03 -4.23176512e-02  2.38274578e-02  3.90803069e-02
 -8.48222747e-02 -1.30623534e-01 -7.94413686e-02 -6.23248592e-02
 -1.55816585e-01 -1.73262712e-02 -1.40353769e-01 -1.61511786e-02
 -6.91032708e-02 -3.57616918e-05 -1.14583030e-01 -5.67855500e-02
  2.68494990e-02 -8.60572234e-02 -3.33340876e-02 -1.02768660e-01
 -6.57074526e-03  3.44883138e-03 -7.36585036e-02  1.08361647e-01
  3.39179821e-02 -3.76754142e-02  2.52182502e-02 -8.07093605e-02
  2.33877031e-03 -1.30107269e-01 -1.97949201e-01 -3.64431068e-02
 -3.37329172e-02 -1.25123903e-01 -4.17197682e-02 -1.44340456e-01
  6.63158372e-02 -1.44297285e-02 -2.91006807e-02 -4.04744707e-02
 -8.87006223e-02 -1.65140480e-01  7.32615881e-04  2.71337926e-02
  1.94381028e-02 -4.76619648e-03 -1.21516295e-01 -8.76960624e-03
 -9.38024297e-02  4.25393954e-02 -3.17668393e-02 -2.04790205e-01
  1.18610850e-02 -2.27851328e-02  1.73836313e-02 -1.23559251e-01
 -8.30551311e-02 -7.95037970e-02 -9.67620835e-02 -1.21224366e-01
 -5.89071736e-02  1.65824667e-02 -9.65655074e-02 -5.00208065e-02
  8.70645326e-03 -8.10501501e-02 -1.29967546e-02 -9.53024533e-03
 -5.14904223e-02 -9.63294432e-02 -8.46999511e-02 -8.25359020e-03
 -5.80781475e-02 -1.03389733e-01 -6.72411770e-02 -1.41914606e-01
 -3.69504727e-02 -1.40470006e-02 -3.42830978e-02 -4.92913909e-02
 -1.48709456e-03 -1.90855250e-01 -1.08628497e-01 -1.02069601e-01
 -1.00926384e-01 -9.84109044e-02 -8.75131488e-02  4.73366268e-02
 -1.13765839e-02 -5.96503317e-02 -7.59737799e-03 -6.22799993e-02
 -2.66522747e-02 -1.73558921e-01 -1.26671404e-01 -1.55009124e-02
 -7.88227022e-02 -7.00443536e-02 -4.20460701e-02 -7.29697198e-02
  1.03498057e-01 -2.06002370e-02 -9.54388361e-03 -6.73884153e-02
 -1.22065693e-01 -1.37634173e-01 -2.12203003e-02 -2.85813734e-02
  9.84550938e-02  2.97264699e-02 -9.53331068e-02 -7.28506148e-02
 -6.39013425e-02 -3.05156149e-02 -3.07276789e-02 -1.61828578e-01
  2.81475857e-02 -5.90510992e-03 -8.45674947e-02  4.78468947e-02
 -1.03780411e-01 -6.29119501e-02 -1.46089301e-01 -9.82733071e-02
 -1.16005875e-01 -7.02199526e-03 -1.32654095e-02 -1.70265198e-01
  9.42714289e-02 -7.70091414e-02 -2.60600578e-02 -1.01437949e-01
  6.78661233e-03 -9.77399871e-02 -1.85263529e-02  2.07568258e-02
  5.69918603e-02 -1.26086384e-01  4.59824048e-04 -1.24829389e-01
  3.39489952e-02 -5.86919766e-03 -5.45912720e-02 -1.25778481e-01
  1.72093343e-02 -2.10433647e-01 -6.12308308e-02 -4.83932383e-02
 -1.32425413e-01 -9.64508131e-02 -3.68192419e-02 -3.14886943e-02
 -8.51967707e-02  4.16269666e-03 -7.50211850e-02 -3.03255357e-02
 -1.78996492e-02 -7.22709149e-02  6.98714843e-03  5.50833233e-02
 -1.53486267e-01 -3.31920870e-02  6.10304736e-02 -8.88615008e-03
  8.83066878e-02 -6.25373274e-02 -6.16314039e-02 -3.97904962e-02
 -1.92434359e-02 -4.87651490e-02  1.28483959e-02 -6.50566816e-02
  7.52276406e-02  9.70446691e-03 -5.84462732e-02  1.03648696e-02
 -3.00164288e-03  2.60014879e-03  5.43731684e-03  7.16098025e-03
  8.02974924e-02  5.56561463e-02 -1.28440902e-01  3.12271398e-02
  1.39423395e-02  3.18683754e-03  1.09799085e-02 -2.49647051e-02
 -4.12805192e-02  1.48649970e-02  6.68398244e-03 -6.05497807e-02
  8.90382379e-02 -4.88647409e-02 -3.06037888e-02 -1.26296282e-01
 -1.16333468e-02  3.60094793e-02 -5.77256903e-02 -6.98608160e-02
 -4.33831215e-02 -6.97786594e-03  8.73953104e-03  1.73635762e-02
  1.93411345e-03 -2.92722564e-02 -1.14330433e-01 -7.86938518e-02
 -1.53644839e-02  4.58218791e-02 -3.66308503e-02 -2.62856353e-02
 -1.83394607e-02 -2.26069689e-02 -3.74537557e-02 -2.17229426e-02
 -4.35090363e-02 -7.58393183e-02 -2.01637782e-02  2.28104629e-02
 -3.80580015e-02  6.69311034e-03 -6.74323412e-04 -3.12961601e-02
 -2.36604735e-02 -4.63833585e-02 -2.53432989e-02 -1.35310456e-01
  1.87734957e-04 -4.34062295e-02  4.44531534e-03  1.88236423e-02
 -2.63833627e-02 -9.39884782e-02 -5.59630468e-02 -2.25812830e-02
 -5.87363057e-02 -1.09833509e-01 -1.51543990e-01 -3.94741073e-02
  1.78934389e-03  7.21121486e-03 -7.11923838e-03 -6.37030741e-03
 -5.42110503e-02 -5.54632246e-02 -4.82516661e-02 -7.12546408e-02
 -4.47584735e-03 -6.78455681e-02 -5.96912354e-02 -1.06747746e-01
 -7.38584204e-03  1.78415086e-02 -6.77765533e-03  6.32382929e-04
 -7.66524002e-02 -8.78272727e-02 -3.22307162e-02  2.81823203e-02
 -1.08749822e-01 -1.35484576e-01 -6.56760186e-02 -1.25547215e-01
 -2.00777024e-01 -5.70139401e-02 -5.00876568e-02  2.68383650e-03
 -9.76953059e-02 -9.19957981e-02 -1.43258885e-01 -1.46476980e-02
 -1.59209445e-02  6.25195280e-02 -9.89779457e-02 -1.23989530e-01
 -9.28588305e-03 -7.91798532e-02 -7.25404695e-02 -7.15477541e-02
 -9.17095840e-02 -5.51448725e-02 -6.53244182e-02 -1.04095727e-01
 -4.54768986e-02 -1.37502268e-01 -1.47361472e-01 -1.55406922e-01
 -7.96851590e-02 -1.36923179e-01 -1.26309395e-01 -1.06671847e-01
 -3.67721692e-02 -1.15850680e-01 -6.44151494e-02 -4.87063266e-02
 -1.66683868e-01 -1.41102538e-01 -7.33663440e-02 -3.94573472e-02
 -4.71893996e-02 -8.75642374e-02 -1.11108474e-01 -9.73630622e-02
 -8.23799744e-02 -2.01984465e-01 -6.28119856e-02 -4.51210961e-02
 -1.00027934e-01 -1.14370696e-01 -3.89429554e-02 -1.70701250e-01
 -9.87982228e-02 -1.88743055e-01 -1.52842477e-01 -1.22037545e-01
 -1.22635536e-01 -9.66922846e-03 -1.62112698e-01 -9.44627523e-02
 -6.13276288e-02 -1.13643207e-01 -8.74288231e-02  3.09851058e-02
 -1.92064196e-01 -2.58291364e-01 -2.23232299e-01 -8.39681551e-02
 -1.64602727e-01 -1.80728838e-01 -1.73896775e-01 -9.19688195e-02
 -1.38369799e-01 -5.23101352e-02 -1.17210485e-01 -5.70401512e-02
 -1.24295019e-01 -2.88475510e-02 -1.89790815e-01 -1.01486102e-01
 -1.13392673e-01 -6.56275600e-02 -1.34860635e-01 -1.34873167e-01
 -1.09630130e-01 -6.07034490e-02 -8.43658000e-02 -1.64015561e-01
 -1.89805895e-01 -2.17861310e-01 -2.19972476e-01 -1.98298961e-01
 -6.21534474e-02 -5.00205532e-02 -1.34411320e-01 -1.95143506e-01
 -9.19716805e-03 -1.34646893e-01 -7.66656473e-02 -8.60929117e-02
 -2.97033787e-01 -8.40418637e-02 -1.34704828e-01 -2.65545007e-02
  1.76896285e-02 -5.28648868e-02 -8.49786624e-02 -8.59450325e-02
 -2.33491078e-01 -2.15928003e-01 -1.69747666e-01 -1.63845479e-01
 -9.02273208e-02 -1.16002604e-01 -1.19054839e-01 -7.96256810e-02
 -9.83295217e-02 -2.33887747e-01 -2.80348837e-01 -1.06603026e-01
 -1.37377352e-01 -9.03106332e-02 -1.93119362e-01 -8.63501281e-02
  2.39692181e-02 -1.29485697e-01 -1.43144101e-01 -1.45663217e-01
 -1.94380060e-01 -1.16906680e-01 -2.32270539e-01 -6.08300380e-02
 -1.20649138e-03 -2.35378832e-01 -1.41882047e-01 -1.15134314e-01
 -1.01500750e-01 -5.12833484e-02 -1.79008991e-01 -1.50201350e-01
 -1.18457220e-01 -2.69781530e-01 -2.13041186e-01 -1.70717344e-01
 -2.05572858e-01 -1.64638370e-01 -1.97599858e-01 -1.27801374e-01
 -8.16853046e-02 -6.37676194e-02 -9.21905711e-02 -9.08743292e-02
 -1.40638337e-01 -1.85076907e-01 -2.23085627e-01 -2.00504035e-01
 -1.87993556e-01 -1.32926747e-01 -6.91538155e-02 -1.19397633e-01
 -7.98333902e-03 -2.42041588e-01 -4.82419506e-02 -1.21931881e-01
 -5.14622442e-02 -3.28621492e-02 -1.67390004e-01 -5.53261414e-02
  9.14536044e-02 -2.81313844e-02 -8.18892866e-02 -2.58495403e-03
 -1.81068689e-01 -1.40924588e-01 -9.21495333e-02 -8.30247924e-02
 -8.40410590e-02 -9.49839726e-02 -1.69567913e-01  3.41574214e-02
 -9.22016501e-02 -1.16837680e-01 -1.93559334e-01 -4.60633896e-02
 -1.18348539e-01 -6.69863522e-02 -1.03908494e-01 -4.95891310e-02
  2.10942943e-02 -1.46027446e-01 -1.80097178e-01 -1.87798932e-01
  6.31139204e-02 -6.73541278e-02 -8.27328190e-02 -7.33371228e-02
  8.22696909e-02 -7.28554130e-02 -1.60341099e-01 -3.59070860e-02
 -1.02739237e-01 -3.76262590e-02 -1.03033699e-01 -6.52210042e-02
  7.03929050e-04 -2.12246507e-01 -3.01196016e-02 -1.84738204e-01
 -8.81646350e-02 -6.77768588e-02 -1.73883453e-01 -3.50048319e-02
 -3.43285277e-02 -2.30781734e-04 -5.67071736e-02 -2.41277172e-04
 -2.94431411e-02 -3.50877643e-02 -1.36592798e-02 -8.43442902e-02
 -2.16472641e-01 -9.61334556e-02 -1.83860753e-02  4.49447446e-02
 -6.44583814e-03 -1.31155565e-01 -6.91076647e-03 -1.61434978e-01
  3.34513634e-02 -2.99461484e-02 -8.96870866e-02 -4.68683951e-02
  4.06309702e-02 -3.49442028e-02 -3.90175804e-02  9.10409540e-02
  3.13117653e-02  1.08222468e-02 -9.42869708e-02  1.56886596e-02
 -3.60234492e-02 -4.66414206e-02 -7.76532739e-02  2.22014729e-02
 -4.70407605e-02 -9.42436457e-02  2.86550238e-03 -6.84646964e-02
  1.65221449e-02  3.22857462e-02 -1.35581996e-02 -1.72086637e-02
  1.25998063e-02 -7.01123849e-02 -3.62472422e-02 -1.25045642e-01
 -7.76207298e-02 -1.63864661e-02 -1.22333178e-02 -4.62115929e-02
 -1.09375559e-01 -9.81685333e-03 -2.39137672e-02  2.77013239e-02
  1.35191204e-02 -2.75593926e-03 -6.92936853e-02 -8.00477117e-02
  3.83934341e-02  2.05825195e-02 -3.41138691e-02 -2.86851358e-03
  5.25831170e-02 -4.26936410e-02 -3.76975001e-03  7.96311256e-03
 -1.68847665e-02 -4.07985896e-02 -1.49223283e-02  1.28188031e-02
 -3.26673016e-02  9.08103492e-03 -6.42889552e-03 -4.61214781e-02
 -2.81049367e-02 -1.02791943e-01 -4.59049679e-02 -2.86162551e-02
 -1.44337909e-02 -6.97005540e-02 -7.10002184e-02  2.88064964e-02
 -1.35054812e-02 -4.52749394e-02  9.83049814e-03 -2.93413568e-02
 -1.09505244e-02 -8.78121331e-02 -5.01540750e-02 -9.46444124e-02
 -1.42237060e-02 -1.10291913e-01 -5.80368340e-02 -8.20922293e-03
  5.68408147e-03 -7.91276917e-02 -1.01783395e-01 -3.40095833e-02
 -6.98260218e-02 -1.25118559e-02 -6.98262528e-02 -1.16684482e-01
 -3.87568362e-02 -3.06448480e-03  1.86121538e-02 -2.87152454e-02
 -8.42935890e-02 -1.17359981e-01 -8.89325812e-02  4.18518819e-02
 -1.09598950e-01 -1.36663109e-01 -9.05906260e-02 -7.35934451e-02
 -1.20117828e-01 -1.10256441e-01  6.50397083e-03 -2.86331549e-02
 -7.21340179e-02 -1.34868011e-01 -1.14756599e-01 -1.03346452e-01
  3.36945942e-03  5.46776541e-02 -1.39077052e-01 -9.79574099e-02
  1.97649263e-02 -1.40508860e-01 -9.87403318e-02 -1.30181670e-01
 -1.01455510e-01 -6.96735457e-02 -1.41633108e-01 -2.62689423e-02
 -1.09362602e-01 -7.05057010e-02 -7.05548227e-02 -1.87164083e-01
 -9.71534327e-02 -8.84829834e-02 -1.07978262e-01 -1.95871387e-02
 -6.29833341e-02 -8.93662870e-02 -1.63628340e-01 -7.98543468e-02
 -1.99366629e-01  2.12257877e-02 -4.93200645e-02 -1.48696586e-01
 -6.10839017e-02 -1.45848989e-01 -1.11289389e-01 -1.17105335e-01
 -4.30670753e-02 -1.51507616e-01 -1.39774084e-01 -4.23482545e-02
 -1.86539050e-02 -1.62114725e-01 -1.30699500e-01 -1.46460146e-01
 -1.23160556e-01 -1.52997896e-01 -1.73207298e-01 -1.66233703e-01
 -1.10720538e-01 -8.18335712e-02 -1.02188669e-01 -8.98468122e-02
 -5.82048222e-02 -7.18692914e-02 -1.03329219e-01 -3.10624875e-02
 -9.38349888e-02 -2.38313712e-02 -2.76159376e-01 -6.79209456e-02
 -5.56702316e-02 -2.92679518e-01  1.90837146e-03 -2.86099166e-02
 -1.15482643e-01 -5.78905605e-02 -1.49869770e-01 -6.85396940e-02
 -1.19748659e-01 -2.49298662e-02 -2.68830508e-01 -1.25309989e-01
 -1.51112661e-01 -1.11635245e-01 -9.68969241e-02 -2.70485520e-01
 -1.53107733e-01 -7.90930465e-02 -1.69044375e-01 -4.59571220e-02
 -1.59402505e-01 -2.03662604e-01 -1.73593849e-01 -1.67513669e-01
 -6.65488243e-02  1.54517610e-02 -7.75527656e-02 -2.21550465e-01
 -1.13510802e-01 -1.55721352e-01 -1.02523632e-01  9.88311097e-02
 -1.15476020e-01  1.15399875e-01 -1.42862648e-01 -1.76662743e-01
 -5.55651225e-02 -7.13620111e-02 -4.36240211e-02  1.69536490e-02
 -1.16614960e-01 -1.82417363e-01 -1.36800557e-02 -5.93341254e-02
 -8.94768760e-02 -1.23626716e-01 -1.63237005e-01 -1.32254273e-01
 -3.19372341e-02 -2.88507432e-01 -4.22830462e-01 -8.66855904e-02
 -1.13779336e-01 -8.85682777e-02 -2.70340651e-01 -1.63672809e-02
 -3.52231376e-02 -1.31256998e-01 -1.62404329e-01 -8.65065008e-02
 -2.14120507e-01  3.63132805e-02 -2.21926317e-01 -1.39740303e-01
 -1.07372859e-02 -8.07240382e-02 -1.96943581e-01  7.74804130e-02
 -1.58096895e-01 -8.66387784e-02 -1.46098569e-01 -4.80044484e-02
 -2.34494749e-02 -1.50423855e-01 -1.62147045e-01 -8.54627714e-02
 -6.26577213e-02 -5.79093061e-02 -1.08367525e-01 -2.45880291e-01
 -1.43472347e-02 -5.80330491e-02 -1.01363592e-01  4.99411151e-02
 -5.01966625e-02 -1.18938275e-01 -1.49512127e-01 -1.55416533e-01
 -2.02402174e-01 -1.02222756e-01 -1.80478264e-02 -1.01290643e-01
 -1.34820163e-01 -1.36085302e-01 -4.35817502e-02 -2.25490123e-01
 -2.39317049e-03  7.06190839e-02 -1.52026877e-01 -8.97926167e-02
 -1.94667168e-02 -4.35135067e-02 -8.55082273e-02  1.58216834e-01
 -1.73783094e-01 -2.00709164e-01 -3.30842845e-02  6.37799725e-02
 -1.42166227e-01 -1.20105132e-01 -1.44620165e-01 -5.63374572e-02
 -9.79386047e-02 -1.44187987e-01 -1.40093952e-01 -1.37879729e-01
 -2.68062428e-02  2.74223890e-02 -1.13639817e-01 -7.89950043e-02
 -9.31456015e-02 -8.46655294e-02 -1.57454908e-01 -2.08936349e-01
  3.27852666e-02  5.86592108e-02 -6.67894483e-02 -8.92203897e-02
  8.52885004e-03 -6.11364059e-02 -1.87787265e-01  9.42589790e-02
 -1.47047505e-01 -1.25980070e-02 -8.24117437e-02 -2.15693638e-02
  1.58480015e-02 -2.60851327e-02 -3.68490405e-02 -1.72469735e-01
 -3.49633507e-02 -5.59850316e-03 -2.24586233e-01  2.72906963e-02
 -7.57569214e-03  6.44384092e-03 -8.21565278e-03 -4.64112079e-03
 -5.87870367e-02 -3.75838834e-03  4.52147499e-02 -1.08878918e-01
 -1.06126733e-01 -5.33584207e-02 -9.79052708e-02  2.70785838e-02
 -1.10949306e-02 -4.67143208e-02 -5.70056913e-03 -1.02703489e-01
  6.58406764e-02  2.04604492e-02 -8.97819325e-02 -2.23998521e-02
 -1.02841025e-02  1.94462517e-03 -4.26544994e-02  6.19303919e-02
  6.97147194e-03 -8.57357122e-03  5.40095009e-02  2.80043818e-02
 -9.35940221e-02 -2.71150097e-02 -2.31095199e-02  6.72701746e-03
 -6.92107249e-03 -4.38124724e-02  2.07622219e-02 -3.78273427e-02
  1.94507260e-02  9.44083557e-02 -3.89430411e-02 -5.99750578e-02
 -3.01101841e-02  3.47782709e-02 -2.57314648e-02 -9.01122838e-02
 -4.64202277e-02 -3.84756103e-02 -7.72601459e-03  2.66460702e-02
 -6.10331492e-03 -3.30190803e-03 -7.89121017e-02 -3.64416987e-02
  2.67061070e-02 -1.69061571e-02 -7.35103935e-02 -1.01218291e-03
 -1.90476459e-02 -4.56041582e-02 -4.83711623e-02 -6.72382349e-03
 -8.28905124e-03 -4.71198671e-02 -2.97640022e-02 -3.32101397e-02
  5.77089004e-03 -2.23917905e-02 -5.74500440e-03 -1.44484406e-02
 -4.20968533e-02  2.12918539e-02 -2.20898073e-02 -4.45356667e-02
 -4.11424972e-02 -1.19028479e-01  4.61399043e-03  1.42216831e-02
 -4.07124776e-03  8.00498994e-04 -1.07344151e-01 -6.26722798e-02
  8.92299041e-03  9.11095068e-02  1.61985289e-02 -2.84818225e-02
  8.34341869e-02  7.44925588e-02  5.13520762e-02  6.89049950e-03
  1.32725611e-02 -5.99350631e-02 -3.42329917e-03  5.81388688e-03
  2.10253056e-02 -4.43609506e-02 -6.01899289e-02 -9.64943506e-03
 -6.55263588e-02  1.83501206e-02 -2.21122205e-02 -5.05114943e-02
 -1.05544388e-01 -6.24959879e-02 -1.32720107e-02 -9.91170630e-02
 -2.02257484e-02 -1.20519744e-02 -2.23585032e-02  1.61897577e-02
  3.84084806e-02 -6.70692772e-02 -1.30277306e-01  4.98954207e-02
  1.20960716e-02 -8.83855149e-02 -6.59184381e-02 -9.90113593e-04
  2.38822028e-03 -1.17615841e-01 -1.12189539e-01 -1.53173581e-01
 -5.85860871e-02 -1.00012131e-01 -1.06712662e-01 -5.73636368e-02
 -2.93104108e-02 -7.98477679e-02 -9.12599936e-02 -1.11127310e-01
 -5.66595979e-03 -7.93365240e-02 -1.18573710e-01  1.10147700e-01
 -8.16787258e-02  2.24401746e-02 -5.54790646e-02 -4.87632118e-02
 -1.16662264e-01 -6.43342733e-02 -2.07708776e-02  5.81010580e-02
 -3.55517678e-02 -8.16033706e-02 -1.72729626e-01 -4.98984791e-02
 -7.22707063e-02  1.43385217e-01 -1.16313687e-02 -1.43784881e-01
  3.69814038e-02  1.43328728e-02 -2.36670058e-02  5.91097027e-02
  2.65643653e-02  3.41169513e-03 -1.01057746e-01  2.54981034e-02
  2.07568239e-02 -1.30468458e-01 -2.25936040e-01 -3.34092304e-02
 -8.04234073e-02 -5.91774583e-02 -1.34162799e-01 -1.33211657e-01
 -1.06488109e-01 -3.66923623e-02 -2.26945058e-02 -1.26061723e-01
 -1.91136543e-02 -3.17822546e-02 -2.53353249e-02 -8.12918097e-02
 -1.73940882e-01  6.41624704e-02 -1.54897749e-01 -2.22099312e-02
 -2.16003787e-02 -9.52581391e-02 -3.62100117e-02  9.53939557e-02
 -7.97639936e-02 -1.73671931e-01 -9.85928327e-02 -1.57124013e-01
 -2.56099608e-02 -6.45190477e-02 -1.29411057e-01 -4.90894318e-02
 -5.22383302e-02 -5.77251948e-02 -2.33213361e-02 -8.54300484e-02
 -1.22746706e-01 -5.99089228e-02 -1.60884589e-01  8.77765715e-02
 -8.04533437e-03 -6.38849512e-02 -6.50120825e-02 -6.69574970e-03
 -1.00048602e-01 -4.97712083e-02 -2.80409530e-02 -1.34004299e-02
 -6.45460412e-02 -1.21971726e-01 -5.35906218e-02 -1.27405241e-01
  1.01988483e-02  1.10071547e-01 -6.13203943e-02 -1.47065789e-01
 -7.70051479e-02 -2.76906770e-02 -3.30481566e-02  1.05863325e-01
 -9.94730741e-02 -9.36878845e-02 -3.50041464e-02  2.04535611e-02
 -3.01851798e-02 -8.50549415e-02 -7.62751698e-02 -7.22294822e-02
 -1.22319750e-01 -1.69285059e-01 -1.80991307e-01 -1.01748273e-01
 -6.24741018e-02  2.88841687e-02 -1.20349109e-01 -8.55267271e-02
 -5.38701788e-02 -4.32890505e-02 -8.46141279e-02 -6.86739385e-02
 -1.45115942e-01  1.40886337e-01 -1.68987766e-01 -9.73706320e-02
 -2.79873121e-03  5.43010654e-03 -1.30278274e-01  7.32781962e-02
 -1.77624434e-01 -6.10587746e-02 -1.48447290e-01 -9.09467638e-02
  4.50934581e-02 -2.08293856e-03 -5.93905672e-02 -1.57511845e-01
  9.87309292e-02 -5.13915718e-02 -9.27798897e-02  9.50803864e-04
 -7.60300830e-02 -7.83963352e-02 -1.22602455e-01  1.65352151e-02
 -9.36511233e-02 -5.06785735e-02 -3.10891643e-02  2.57401243e-02
 -4.07262817e-02 -1.68204177e-02 -1.08063154e-01 -3.15583013e-02
 -9.22193602e-02 -1.42395422e-01 -3.63065377e-02 -9.40736756e-02
  1.65673085e-02  8.02159235e-02 -9.33640450e-02 -6.09744675e-02
 -9.66312811e-02 -4.40617539e-02 -2.55355779e-02  1.04495063e-01
 -1.02063894e-01 -7.32925385e-02 -4.99216095e-02  1.83684111e-03
 -1.40056282e-01 -5.52757923e-03 -8.58649090e-02 -7.62301534e-02
 -1.27111271e-01 -1.37126729e-01 -5.79325259e-02 -5.26077673e-02
  5.52407429e-02  1.55513927e-01  2.48503871e-02 -4.94745262e-02
 -6.04861081e-02 -5.21884263e-02 -9.19139385e-02 -7.52560645e-02
 -5.63784502e-03  2.53323875e-02 -1.00806102e-01 -3.97170261e-02
 -3.55321262e-03 -2.04728264e-03 -5.09818345e-02  3.68581675e-02
 -6.75344169e-02  4.98947687e-02 -4.86914515e-02 -1.01713859e-01
 -2.89045996e-03  1.36920959e-02 -1.48449298e-02 -4.77635153e-02
  7.89449662e-02 -2.75155157e-02 -4.59852219e-02  4.44588512e-02
 -1.34618962e-02 -3.55145186e-02 -5.70442863e-02  9.36346315e-03
  3.19685265e-02 -2.00616922e-02 -6.08687149e-03 -6.56638388e-03
 -2.37175245e-02  2.15842519e-02 -7.88775235e-02 -8.35094694e-03
 -9.25172120e-02 -6.69631734e-02  3.40077910e-03 -8.67952406e-03
  4.08682041e-03  1.26669736e-04 -2.41624899e-02 -1.19555546e-02
 -3.28392908e-02 -4.82442379e-02 -2.10043261e-04  1.89318508e-02
 -1.44407526e-02 -9.37457010e-03  4.94319387e-03  4.19558771e-02
 -9.43576768e-02 -6.45619631e-02 -6.41869381e-02 -2.62005944e-02
 -1.02570849e-02 -3.32631841e-02 -1.98107827e-02  3.92293744e-03
  1.96079370e-02  5.71595058e-02  6.73548952e-02 -6.99524349e-03
 -1.24743860e-02 -1.83401033e-02 -6.25473261e-02 -2.77031995e-02
 -1.09256335e-01 -4.17890958e-02  4.04534303e-02  2.31418218e-02
 -9.13722254e-03  7.47251278e-03  9.17995814e-03 -3.17928568e-02
 -5.37218489e-02 -6.96582487e-04 -2.38850024e-02  2.95713469e-02
 -5.91658279e-02 -1.92893092e-02 -4.28000279e-03 -8.88467580e-03
  2.80149281e-02  2.84150448e-02 -6.31927550e-02 -3.75541896e-02
  6.92803636e-02  1.07432847e-04  3.31714116e-02 -6.71563251e-03
 -6.41923696e-02  1.35212438e-02 -1.52779138e-02 -1.75060146e-02
  3.61366384e-02 -2.73205489e-02  1.21414708e-02  2.21610237e-02
 -2.47069243e-02  1.49818361e-02 -4.15585041e-02 -5.66059090e-02
  2.83730924e-02  6.56458810e-02 -8.11067875e-03  3.82280499e-02
  5.96341453e-02  5.32477871e-02  5.59033500e-03  7.79363960e-02
 -6.14682399e-03 -8.85908380e-02  4.96074231e-03  1.85704026e-02
  2.62992550e-02 -8.39942843e-02  3.87893021e-02 -5.36836796e-02
 -1.17280520e-01  2.08546650e-02 -1.54568153e-02  2.28224788e-03
 -6.41524512e-03 -5.77384531e-02  1.99436843e-02 -4.95602861e-02
 -3.77358906e-02 -7.37968041e-03  1.47159854e-02 -1.55834947e-02
 -1.10477738e-01  2.36120485e-02 -4.74897474e-02  3.94763015e-02
  3.26602086e-02 -2.82333195e-02 -3.40504944e-02  2.38496866e-02
 -3.29931080e-02 -3.18739787e-02 -7.95039982e-02 -1.67674404e-02
 -1.16548993e-01 -9.19820443e-02 -2.69245747e-02 -1.84181891e-02
  6.38808776e-03 -1.34014860e-02 -5.27806953e-02  5.36498753e-03
  6.80623725e-02 -1.54839475e-02 -6.83829188e-03  8.94275457e-02
 -7.55632073e-02  5.02151437e-02 -2.63637155e-02  1.46091785e-02
  1.82917379e-02 -3.22079659e-02  1.33488141e-02  2.00872999e-02
 -2.90004443e-02 -6.73593283e-02 -1.48013448e-02 -1.29668573e-02
 -1.80018134e-02  5.61485440e-02 -1.73280668e-02 -5.53383678e-03
  7.47896060e-02  8.26998651e-02  3.44314687e-02  8.96207616e-02
  1.61893591e-02 -5.96772134e-02 -7.30014890e-02  4.29911651e-02
 -1.82229541e-02 -7.08343834e-02 -4.77741696e-02  2.35713664e-02
 -6.42453805e-02  2.68534850e-02 -2.30767392e-02  9.35076643e-03
 -8.92007817e-03 -1.69891026e-02  3.68015952e-02 -1.11505747e-01
 -1.09634735e-01 -3.54973003e-02 -4.27342020e-02 -8.71581435e-02
 -9.64488834e-02  4.09975424e-02 -5.35904020e-02 -2.95630712e-02
  4.89969812e-02  1.01032116e-01 -1.08823650e-01  7.05377981e-02
 -5.75788878e-02 -8.27492252e-02 -8.71593878e-02 -6.26365468e-02
  2.36859974e-02 -1.04726376e-02 -3.59733924e-02 -8.40122774e-02
  4.36392836e-02  1.67858158e-03 -1.84273105e-02  6.55874163e-02
 -1.10899261e-03 -3.36825997e-02 -1.01022437e-01  2.67901737e-02
 -9.59186107e-02  5.18746488e-02  2.84909587e-02  2.22748052e-02
  7.90608954e-03 -2.86440086e-02  1.66461151e-02  6.10744581e-02
 -5.14547341e-02 -5.90025410e-02 -3.45175229e-02 -6.18615188e-02
 -2.56747543e-03  1.76156852e-02 -2.94980574e-02 -1.00136008e-02
 -3.05049233e-02  2.73427442e-02  5.97097464e-02 -1.69455111e-02
 -3.04514058e-02 -7.03045130e-02 -1.53385907e-01  1.18262403e-01
 -2.98358742e-02 -2.21473258e-02 -6.37603104e-02  1.81869622e-02
 -3.00113633e-02 -5.77419810e-02 -1.26964999e-02 -5.10021485e-03
 -4.06836830e-02  1.68138556e-02 -1.85602624e-02 -1.79111790e-02
 -5.98794557e-02 -4.04686555e-02 -1.23134861e-02 -1.04595952e-01
 -1.29379276e-02 -1.45167578e-02 -3.43574844e-02 -3.31219509e-02
  1.69426110e-02  5.08559123e-02 -4.07373011e-02  3.74328420e-02
 -6.22099936e-02 -3.68041210e-02 -7.88195580e-02 -5.89001477e-02
  2.88086981e-02  8.08992684e-02 -1.70645863e-02 -4.87688854e-02
  8.73330384e-02 -2.77837627e-02 -1.85762029e-02 -1.60593800e-02
 -8.06247815e-02 -1.91311818e-02 -9.40278843e-02 -3.81750502e-02
 -8.46492648e-02 -2.11206228e-02 -1.01568373e-02 -3.78813818e-02
  2.21824534e-02 -7.31221680e-03 -7.40611777e-02  2.66242083e-02
 -5.72043844e-02 -1.08349204e-01 -3.17996442e-02 -2.34259162e-02
 -4.53294534e-03  3.26217487e-02 -4.93532903e-02 -9.00274317e-04
 -1.04510851e-01 -2.21938863e-02  4.53154892e-02 -2.29942854e-02
 -3.05576678e-02 -1.65157802e-02 -2.13984377e-03  1.75841246e-02
 -1.12496197e-01 -3.35456096e-02 -6.40378371e-02 -1.11448783e-02
 -2.30087005e-02 -1.64275244e-02 -2.72858329e-02  3.28433812e-02
  2.08820868e-02  2.72462927e-02  3.75589565e-03  2.24865209e-02
 -1.22224055e-02  1.27941314e-02  8.55525024e-03  1.72336251e-02
  3.87982577e-02  8.72069504e-03 -1.97082423e-02  1.35618821e-02
 -3.51715051e-02  3.24493833e-02 -3.79613861e-02  2.09229961e-02
  1.73044857e-03 -1.72357559e-02 -1.56124542e-03 -3.55194472e-02
 -1.73472948e-02  3.86335813e-02  3.33847129e-03  3.32828090e-02
  5.45223504e-02 -3.94909047e-02  3.43806483e-02 -4.35210206e-02
 -6.40742332e-02 -1.71264596e-02 -5.58991060e-02  3.51684950e-02
  4.08184566e-02 -4.94632870e-02 -5.42094326e-03 -5.03768213e-02
 -4.34435755e-02  3.67068406e-03 -2.26138979e-02 -1.18854633e-02
 -1.19615726e-01 -2.04347279e-02  1.59836039e-02 -2.20115092e-02
 -6.87551275e-02  2.65283734e-02  2.57590860e-02 -3.89144607e-02
 -6.90286234e-02 -2.29065083e-02  3.18060480e-02 -6.88072527e-03
 -3.92928347e-02 -1.29450085e-02 -1.09563991e-02 -2.62908917e-02
 -5.80489077e-02 -6.07456602e-02 -4.26186882e-02  7.19551519e-02
 -1.78281148e-03  3.76337767e-02 -1.60632432e-02  3.27575393e-02
 -2.73890551e-02 -4.20500822e-02 -2.52914354e-02  4.90635186e-02
  2.06117146e-02  1.77042540e-02 -2.72549354e-02  8.00722279e-03