-5.814572338371887250e-01
-1.465711906032190204e-01
-7.415131685686823793e-02
8.918920184368633874e-02
-5.415452717034745234e-02
-2.838157541479201587e-02
-2.053243307069105572e-01
-7.446897479172066570e-01
-5.619962924070569521e-01
-6.119458258491080604e-01
8.547504442001288005e-01
4.259500296788796825e-01
-5.975946695044161983e-01
1.176789923758158052e+00
7.636279894227356868e-01
-3.570267913395456794e-01
-3.038170428946974089e-01
8.662537712630674624e-01
1.599324778263381708e+00
-3.443406939533835698e-01
5.051686802627431971e-01
8.094261626454885006e-01
1.051388847604935561e+00
-1.825789880667902487e+00
-4.889808935408835322e-01
-4.777054796340977072e-01
2.246009525066299695e+00
-3.466206784718184886e-01
-1.158019467976853178e+00
1.199056943946579468e+00
-1.535936473951558634e+00
-2.701085360145234482e-01
-6.910833078853171330e-01
2.559075087322643660e-01
7.772350116041194801e-02
-8.408765895224742382e-01
-3.629348078502869779e-01
-4.625732374313321627e-01
-5.897864834996057182e-01
6.862403496591928942e-01
4.648972824093421385e-01
-1.662300987057027390e-01
1.379798447481379142e+00
3.712133538170212521e-01
-6.442083535767151314e-01
3.853836991620772090e-01
-1.134382165359426597e+00
5.678308856238226676e-01
-6.382240604708029619e-02
-2.150845260626517708e-01
1.110567685496344659e+00
1.699346725301517091e+00
-3.485591807132205067e-01
-3.578218081274512491e-02
-7.950163451028615658e-01
-5.248973809755981546e-03
-1.593961497935394711e-01
4.624254420157598161e-02
-1.244378315872048633e-02
1.264442803255614978e+00
6.759768266085791621e-01
-4.022419332432922712e-01
2.934806501845727555e-01
1.325108310830260816e-01
1.345263169951695481e+00
8.668605956916738409e-01
-1.106358177113188068e+00
3.485062742033494532e-01
8.127683468442500336e-01
-2.920309255557064221e-01
-4.107422224439629121e-01
4.069964202319952817e-01
8.550736820903304114e-02
4.023943330575238675e-01
-1.857517168959810228e+00
-1.813413619467183713e+00
-5.110183753490221692e-02
1.654679755504251393e+00
-1.371134588915347008e+00
-2.186222953321917295e+00
3.634359829530652286e-01
1.028492215762500273e+00
1.896381523501289079e+00
-5.581461877606437305e-01
2.549639634706086788e-01
7.803525190778867193e-01
7.395397186892805896e-01
-2.119633933623660538e-01
-1.225974880777049858e+00
1.116531750439590381e-01
-1.998790680326747005e+00
1.492067914374349893e-02
8.877575983027227724e-02
-8.587310469363390597e-01
4.752985807023885623e-01
-8.924295639967144700e-01
1.846471145868992247e-01
8.037500131073176401e-01
-6.926216975800010556e-02
4.784288400271259345e-01
2.441625639822060934e-01
2.520402094109363000e-01
1.368216816174566031e+00
-3.743828310552857475e-01
-6.911439856480136035e-01
1.651403608135881385e+00
1.522321820256379743e+00
-4.380026640742172850e-01
-9.830183298771471012e-01
-2.904148890874765354e-01
3.850694430789805556e-01
6.899110060619690898e-01
-5.517896183000031707e-01
-4.227767092708073493e-01
-2.565802128792739056e-01
-4.273399261465483656e-01
-6.197242036432553114e-01
-7.763110516146054518e-01
-8.364912567861108039e-01
-9.086843456706450439e-01
3.590600688434047449e-01
-3.429346679093680517e-01
2.609105239721349889e-01
-6.113163028453931780e-01
-1.394911822506527344e+00
-5.010389218607212980e-01
6.330810142720869060e-03
2.053539330477452740e+00
