-1.258634536080880162e+00
-9.862199409695919794e-01
1.831628992027513059e-01
-1.734154748130527501e+00
1.284638009103077572e+00
-1.304227440669776250e+00
-9.671157115298383289e-01
-1.237249713123186323e+00
-8.623407252477235385e-01
3.506015188818094597e-01
-1.400727279126382729e+00
-8.124562541022729567e-01
-3.343639302015656289e-01
-2.263880480047325783e+00
3.460890087257256775e-01
1.811076128724485867e-01
8.270953693223115355e-01
-2.284186218837586935e-01
-1.668192499946733465e+00
6.151451211098593053e-01
1.832785426902073356e+00
-1.284178882837273328e+00
6.372912266686697746e-01
1.962394370296019819e+00
-1.446020249485345799e-01
2.612669668424069669e-01
1.243115326758448491e+00
-7.669597052674871351e-01
1.159202870130761287e+00
4.413537589448053855e-01
3.194384586967111694e-01
6.184606053305158335e-01
-1.217684433726474502e+00
-5.106958180700650329e-01
6.064482056727225068e-01
-6.651434708558847664e-01
2.505199814724082819e-01
-4.178715734041508201e-01
4.525548082685937334e-01
-2.656082883732302058e+00
-5.646915560795457978e-01
5.012938314282621155e-01
1.304836874054749796e+00
-1.865721838846985114e-01
3.656898252358072310e-01
-4.373106729913466273e-01
9.228718514553367613e-02
-1.776947657836435823e+00
7.737006474775209863e-02
1.420369032435766288e+00
-5.842590091982293732e-01
-2.007934494968112382e+00
2.986815156240779645e-01
-9.956779454484112613e-01
-3.429265067029683700e-01
8.500562872598421693e-02
6.203167003295496640e-01
6.838612569005721002e-03
2.368302150469583811e+00
-1.980505563522080514e+00
-1.847455850530174803e+00
-1.094048570524160491e+00
3.142830798954637239e-01
5.458275624795565495e-01
8.067002209277192304e-02
-6.270727229178519879e-01
-4.276942458764494415e-01
1.957974861831899005e-01
5.294290233969644044e-01
-4.754521698726725254e-01
-5.171940294674494121e-01
5.487770776769064218e-01
1.052653329016640438e+00
3.507026948523306320e-01
4.839204067377344542e-01
-1.176370942016480514e+00
5.677091717047447750e-01
1.260046011614601280e+00
1.755112576325122076e+00
-1.418638799223511660e+00
9.722574644995772841e-01
5.688550201653619354e-01
1.585301394004133904e-02
1.825049477128465603e-01
-6.000035320547907336e-01
3.954196792633143387e-01
-1.213108981124693342e+00
4.403139802078250287e-01
1.336982975958344033e+00
1.206965672733166350e+00
1.016351431118101667e+00
-9.923283294498549401e-01
-4.834449945309276520e-01
1.217849650732040656e+00
-4.614573445233614013e-01
-2.147232316063098778e-01
1.188662544002476507e+00
6.655567476348979161e-01
-2.619412577077953608e-02
-1.451860853840965804e-01
-1.383620221658795169e+00
-2.730060748252350344e-01
-7.935382932455617988e-01
-1.506378554532537550e-01
-9.470895546519209063e-01
1.007573067079695350e-01
-1.242794185140647933e-01
-1.087493830472932910e+00
-2.699209966128622573e-02
-4.739338824851316856e-01
1.580121540157898019e-01
6.940285315802908750e-01
2.110878567977627351e-01
8.812142597826545520e-01
9.695271590422678276e-01
2.351226789505191483e+00
1.086583092879789963e-01
-4.814851495097816625e-01
2.954382438220895524e-01
-4.274887309272039082e-01
5.555978247530255487e-01
-1.281814617420957481e+00
-7.072353287170574099e-01
2.773399107050859569e-01
-1.228487797507101936e-01
-5.730509687105512784e-01
4.041704230700747802e-01
-1.014814466004146376e-01
