1.675413895665625930e+00
-1.380397923702540108e+00
-5.550800167669785873e-02
-2.141077845753696085e+00
-2.985587555612699284e-01
2.531591872252862696e-02
2.652011628620741246e-01
1.506181368110300456e+00
-5.592368033003959349e-01
1.618433323076219343e-01
-9.583760951496737013e-01
-1.023653765873730581e+00
1.026845198869810405e+00
-8.091007171078244964e-01
-1.193671922999452795e+00
-8.297738263831280214e-01
-1.224874363856136350e+00
-6.256548196566209530e-01
-3.474451031919186805e-01
-2.552456447346552748e-01
1.542861149876272542e+00
1.621915978016881699e+00
8.269084766623558957e-01
1.895012358690492671e-01
2.545991345951547635e-01
-1.282478397965800987e+00
1.563581302711168908e-01
-4.563360398905108029e-01
2.028918453123985388e-01
7.260915457443275489e-01
-1.541940847797513614e+00
-3.036473744979026890e-01
3.546503568624548297e-01
2.362565976677211965e-01
1.859216790882434411e+00
-7.981587197931823141e-01
-1.047130772804910626e+00
-6.079006114763503277e-01
-1.511119236994811210e+00
-4.038889494100113553e-01
-7.123878273628309055e-01
5.229205771025831062e-01
-1.537497206843082997e+00
-5.214355694990719936e-01
-9.855323090352069437e-01
7.192476586554705786e-01
-2.176262803900526066e+00
-1.507667903077991589e-01
1.444909759139499705e+00
-8.671015133327533153e-01
1.017506128162973589e+00
-7.212852481514890890e-01
-2.044125251584283376e+00
-6.706051507534745992e-01
5.402751116795697639e-01
-1.263258885475996296e+00
1.704257910216834926e+00
3.898015320104416537e-01
1.398632973257766920e+00
7.366380879432379292e-01
-4.905760757210524958e-01
1.494002312198563720e+00
-3.571568893983567694e-01
7.566266609404710408e-01
-1.265001116617564758e+00
3.384106465661693708e-01
7.592960749307768875e-01
-2.691664714293898752e-01
-1.648890472980669930e+00
-1.300891837775589810e+00
1.008097826175122336e+00
2.218819445011021574e-01
-9.621744639684237654e-01
8.582990934911954861e-01
4.601399107246038622e-01
-3.209432584173640413e-01
-2.319307504687072585e-01
-8.813449133622898168e-01
-3.724724978469573511e-01
4.821999159635028120e-01
-2.431074184961732609e-01
3.058480961999852643e-01
1.154228027894540043e+00
1.852809360996909294e-01
7.403433040877339666e-01
-1.023046387545531344e+00
3.532767830496139627e-01
-8.269191238158993817e-01
1.492820802297450677e-01
1.487074231402022217e+00
-5.753195698591788698e-01
-1.652033735694563132e+00
-7.094841826814077823e-01
-5.047559790699969184e-01
-1.568142024863178774e+00
-2.161182339271579878e+00
5.143535672592783881e-01
2.180644479153880100e-01
-3.038630998106714443e-02
1.362084964214759220e+00
-9.541538318387195183e-02
9.923467644705761259e-01
-5.741995651581886101e-02
-1.053059977154854776e+00
6.473056783853591289e-01
-3.338029167944779330e-01
1.292449123329910021e+00
6.726292232670406657e-01
-7.663559216083137837e-01
-1.214693456547374817e+00
7.515240184189601047e-01
-1.391821603392569440e+00
-1.471988296083013292e+00
-9.727820886412901213e-01
1.280873575093987471e+00
3.748493506181314050e-01
-1.070561092699437999e+00
-7.420271033890928347e-01
9.139618048252546867e-01
1.359553548611753593e+00
-1.389316519815761763e+00
5.379101343997972906e-01
9.253334135151866091e-01
4.891001362882042569e-01
-4.866835553623090060e-01
-3.559597020067252759e-01
5.455613874049660694e-01
-6.554286206376038759e-01
