1.936438253177980295e-01
-3.212535147203366415e-01
6.691088900030646158e-01
-1.271344257103894870e+00
-8.484652362133664472e-01
-8.571306156577974955e-02
-2.807174502530991322e-01
-4.726442088027560939e-01
5.306089218193568158e-01
-1.206473363817427424e+00
1.356515613164741341e+00
-1.822050563601989692e+00
3.290712255232206562e-01
-1.870626278130480102e+00
2.389852927814187789e-01
7.298716584697637066e-02
-4.104332067837846987e-01
9.067872066533166908e-01
7.152253812170040748e-01
-1.623920833137533770e-01
1.321812380494449490e+00
-9.584594127837843258e-01
2.488075878706606847e+00
-9.082784660562349677e-01
3.949862150097206981e-01
-8.403117176998999849e-01
6.653007451372844328e-02
8.703717554952913327e-01
-5.217434476410346411e-01
7.197116317412813880e-01
6.162680234630267817e-01
1.087453973509370453e+00
6.486273527582944176e-01
-3.094689550167586956e-02
-5.697431941020255630e-01
-7.393256871990362411e-01
1.968282025011633962e-01
1.382268428057779497e+00
1.486141667324825333e+00
-1.118486944913620995e+00
3.421086146433003350e-01
-7.188358729228672139e-02
-1.652897912266260372e+00
7.596240157217459821e-01
-7.928743370154084369e-01
2.457393723916397876e-01
-1.454908094477944447e+00
1.319936518410171011e+00
1.155693523947851631e+00
-3.694282118302905094e-01
1.780655996276659936e+00
-1.689238823750718543e+00
5.241260196930330739e-01
-5.039794773479548962e-01
6.303430039367732274e-01
6.159783678792308814e-01
4.396293809326826119e-02
-3.117114022250748184e-01
-2.167416784343425551e+00
8.761225100776872665e-01
-1.091187640662425323e-01
8.567471831712100139e-01
-1.292876238606156303e+00
-2.666628504954171586e-01
-2.998034080821136982e-01
-7.542860880207832297e-01
-7.146311200101638228e-01
-1.447460404755783303e+00
1.490503105543815376e+00
-1.295468607255993554e+00
-3.585494431879094890e-01
-4.189269141289995169e-01
-1.398067850884182839e+00
-4.397329035239334050e-01
7.113602015650360988e-02
-5.796274742014815295e-01
-1.707918884314252983e+00
9.634351792990643315e-02
-6.512400743205978837e-02
-3.291786258276316324e-01
3.485445608495886805e-01
8.539085531779113669e-01
-1.733494393449067084e-02
3.833437444112462456e-01
6.299589161602908716e-01
-3.527886639899517895e-01
-1.768221711634951232e+00
3.714540377885559019e-01
-3.062403499249907179e-01
-3.079353332076790739e-01
-3.843116858250719692e-01
4.061628801913461650e-01
-1.532566116146850121e-01
2.346917236705392984e+00
1.478506594273582664e+00
5.873370996681583911e-01
4.323182778774819490e-01
2.626628176870468012e-01
7.646648867688251583e-01
-2.589180365986446519e-01
-3.020605327643169011e-02
4.299875592900490040e-01
6.464527029652066270e-01
-1.921408835651371994e-01
-4.245830473148303197e-01
1.740075932611934162e+00
5.587757693852064556e-01
4.013849730181552264e-03
2.815085922842441302e-01
-5.463294435670739135e-01
-1.663355402958072993e-01
8.891016900065303874e-01
5.650669828760260249e-02
5.842620806278097101e-01
1.649885882276920901e+00
-1.979722695211946770e-01
6.259890376188285976e-02
-7.841980702303186224e-01
-1.871507349197037318e+00
-7.875427227281196485e-01
-2.212397327569362471e+00
-4.914515013191192438e-01
8.636747681489087558e-01
1.666621867841922455e+00
9.715450270813325018e-01
8.774611805445028034e-04
1.619945374465393328e+00
4.415069950716320468e-01
