3.430510836863534530e-01
3.278873973053232360e-01
-3.300575233918114360e-01
7.945595713386911507e-01
-1.964829231523132769e-01
-1.253816354013185030e+00
6.072275714945215563e-01
1.078913730168366315e-02
-2.876341038025858055e-01
5.213990447286657171e-01
7.573806698652862934e-01
-1.755062160195169030e+00
6.075948863455487015e-01
1.130135379045185962e-01
-9.870881665505617519e-01
-2.137976819505738313e-01
6.553926718143198160e-01
-9.221178709111292893e-01
2.276725141389182860e-01
-1.188394905377628818e-01
1.991619594860609688e-01
2.598523906093301861e-01
2.658863100867215890e-01
1.193043728620581667e-01
-4.024865716267601173e-02
3.349481430426581863e-02
1.000533798693557852e+00
-1.418916538160721469e-02
1.683942290353379168e+00
6.890816895021495414e-01
-6.568612187060646201e-01
-2.263147254200849057e-01
-1.921535108432265382e+00
2.013230411403147957e-01
-3.197962965157218895e-01
6.750868451753306854e-01
-1.362550115710894794e+00
1.039078349200604601e+00
-3.652217485144163556e-01
1.112261992568199132e+00
1.129688667360874588e+00
-2.792805695197329019e-01
-2.097466283921211108e-02
-7.622806227262437506e-01
-8.452535184550368230e-01
1.638928289017548556e-01
-1.241502239906623117e+00
4.371920911225747886e-01
-6.874280450493699401e-01
2.786929329144471335e-01
2.374457559918039529e+00
1.047320375694821698e-01
7.737153791618612830e-01
-7.620703719478244542e-01
1.022275609871166280e+00
-7.939963222178423319e-01
-1.403337932575107860e+00
-3.922410765344392369e-01
4.767804105020619354e-01
-1.612031155996591414e+00
-9.716102838179335732e-01
1.266269900870338194e+00
-2.607003915753364875e+00
1.077939625116629330e+00
-1.435781301321002346e+00
6.163925238342661261e-01
2.836167200698819224e-01
1.664946055830014426e+00
-1.702756174084276264e+00
-4.022058601357194063e-01
5.152161640431484058e-01
1.060375808246933005e+00
-2.121159835522458403e-01
2.376314969829345369e-01
-1.816935273023129183e+00
3.453946762851724528e-01
-3.257988283883288982e+00
1.032676800591300070e+00
2.700748705203329436e+00
-1.037307720875041639e+00
-5.995712472312612062e-01
1.949773652226209908e-01
-1.650487325891536183e-01
-1.283402018425497282e+00
-7.093702072237527689e-01
-8.372247674392909733e-01
8.961530723190235248e-01
3.279973765579257683e-01
7.773080736922447498e-01
1.494124353012902917e+00
6.995052865869225145e-02
-1.248655440101233083e+00
-6.740677492262022730e-01
-2.858633858317872978e+00
1.583321625589292569e+00
-2.306347376296861429e-01
-1.576357584008290624e+00
1.019234378343327085e+00
7.663762063114495371e-01
-1.245847222572920715e-01
-1.450560402026231266e+00
1.414646910887098041e+00
5.268747218657905407e-01
-3.511454973943821112e-01
4.965722458224047231e-01
-3.439913953233989519e-01
5.344854331088917387e-01
-7.998247782388664406e-01
-4.357980222029224637e-01
1.497496452581355220e+00
-8.973904267121750600e-01
7.622291314253628602e-01
6.724706632516556093e-01
1.619243167299497355e+00
-1.925736816394920670e-01
1.887549844790056275e+00
-7.384330654017602358e-01
2.155512249836933902e-01
-3.504025820402018911e-03
-1.706009924378975917e+00
-6.981132377466774397e-01
5.027261529331441547e-01
-9.081714644561750260e-01
-9.646056528661731688e-01
6.278151848709033755e-01
2.617541691888394251e-01
8.022612240479202184e-01
7.597700315136721727e-01
