-6.601605670272299164e-01
-1.009796990416764462e-01
-2.048392656559083758e-02
-8.098640146888405056e-01
7.847789153922456462e-01
9.154231218760567890e-01
-8.057786412628825667e-01
1.637099581674485105e+00
1.125425849209860107e+00
1.641485970098335523e+00
-4.493085533606653303e-01
-2.869037215166483357e-01
-3.184673445357369403e-01
-1.120355714379987599e+00
-1.185249518640226096e+00
9.504348824372297333e-01
5.215261172420064817e-01
-1.162439580481888335e+00
-1.391690747778355108e+00
1.282915191388134257e-01
3.007242977176620702e-01
1.405918906075421360e+00
-4.154449973479407837e-02
1.242227437033103232e+00
4.100716148006724460e-01
6.820683767733938252e-01
-1.841804289936748718e-01
5.344605923938237080e-01
-7.156433310941177073e-01
1.503772904402137511e+00
-1.243177886335062876e+00
-1.561261473527017829e+00
1.210847732368833390e-01
4.622682827071347700e-01
-6.768816952113139163e-01
3.767103659820544292e-01
-3.407233618088972849e-01
1.869108574452131855e+00
-3.229784859222660232e-01
2.933682628311759633e+00
9.010778397994557709e-01
-5.553998945770582951e-01
4.554016162313375554e-02
-4.354522054933073205e-01
-1.002395170657803813e+00
-8.924528797193375107e-01
5.858908358672785255e-01
8.091531962027331826e-01
-1.714074136644765822e+00
-2.727081602418889972e+00
-7.031916056083948874e-01
-6.981719166940059118e-01
-7.517868121010478077e-01
5.989452827155519188e-01
9.257103463106309826e-01
-1.713211965840293560e+00
-1.212314005994476807e+00
1.450736244246144946e-01
6.441451069098497184e-02
1.309249552755850921e-01
5.686668449368976752e-01
2.119173128997879907e+00
1.921501325238704760e+00
-6.016507342776759026e-01
2.217650975143895253e-01
2.556567731277802347e-01
1.660416521845706317e+00
-6.650048098947854980e-01
-3.379158598003100811e-01
-4.431148244508185258e-02
1.174248658176376692e+00
2.042612022819637607e-01
1.209156436357929021e+00
-6.629174421227931324e-01
8.071666117844202015e-02
-1.030875516701876604e+00
-1.266327504436203677e+00
-1.753689400725637060e-01
8.466198801190126799e-01
-7.436106295893826212e-01
-4.744434356327992819e-01
1.673912064196614591e-01
9.426828795803761096e-01
-8.127370857632660872e-01
6.021550614927271283e-01
6.119274013966292669e-01
-7.052857470577567067e-01
1.343106397147949993e+00
-5.094979849420618878e-01
-7.953516008583499941e-02
8.714784454973280026e-01
6.662500057781736706e-02
2.392936764166282704e-01
-3.325483329255937148e-01
2.279313921896339024e-01
-6.267446719832975299e-01
-3.102129336879065336e-01
9.549762258091952782e-01
-2.704583211226889716e-01
3.070841700083842274e-01
-1.144210778515745819e+00
-1.920603495846261666e+00
1.337145062948216445e+00
1.502619052392515142e+00
1.038042700618838854e+00
-1.150160207546655711e+00
1.960099162865194533e-01
-8.944379960773037874e-01
1.141348537416195796e+00
1.730424800158847365e-01
7.729357777920614625e-01
3.229997122116113339e-01
1.199184493707066368e+00
1.602079158015839111e+00
1.328885012629005047e+00
8.017597309492894286e-01
-3.220501196357308804e-01
1.274694038928990247e+00
-3.509206318504828337e-01
-1.607899077707102276e+00
-5.739938389816807707e-01
1.444121928078158090e+00
-1.752639631258207376e-01
2.445520313791837205e-03
-7.152726776025548627e-01
9.205972454183511955e-01
-1.062717489478689048e+00
1.484109614955718470e+00
