5.730236651259950076e-01
1.996082242867618151e+00
1.310235974160252725e+00
-3.830973451974008515e-01
-4.452545817203270029e-01
-2.023067240501075226e+00
4.325517811982813043e-01
2.650669171519416389e-01
-1.051316612958704155e+00
6.661761200618568912e-01
1.023796502814074555e-01
6.344705732694611022e-01
8.944887611491604273e-01
-5.737577339979812452e-01
-1.624046817773578955e+00
8.519253215429206660e-01
-7.271075754608042896e-01
3.945434527940994140e-01
3.374757514165761529e-01
-1.223140858093007211e+00
1.444378947618476738e+00
3.198655388984075754e-01
1.346870247285145261e+00
1.433304185174023582e+00
1.049766029500397213e+00
4.438001491358704031e-01
-3.464690299213835645e-01
1.822816681418576792e-02
1.383522579445267464e+00
-1.619455847453544317e+00
-2.251482896602489792e+00
1.782371876736368321e-01
-4.769135793913940602e-01
-1.860492223550447577e-01
-2.523488639677308118e-02
-1.700901764978121289e+00
-3.325230325103611939e-01
3.198546218446852718e-01
-2.010595993923697811e-01
1.127475596129249524e+00
-5.425621732694779764e-01
1.629329153636313698e+00
7.287532796271047886e-01
6.399680320243311682e-01
4.442529316199974598e-01
3.718369784663336786e-01
7.370266936477953834e-01
-8.257002537987226387e-02
8.079247025418063721e-01
1.644190876301344639e+00
5.018913825361274172e-01
-5.734418118484690269e-02
-8.249830407350166039e-01
-3.354297635928263910e-01
-2.990604221817215122e-02
-9.970182300368237716e-01
-7.548062711757358434e-01
-4.147905818453795912e-01
-3.169062830072335135e+00
1.296943889248976189e+00
1.193440867803339245e+00
-1.327048932705875428e+00
9.826502321182416511e-01
8.489899284860931428e-02
2.788400326372419413e-01
-1.212831745213069690e+00
2.353937428721540326e-01
-4.772951434878650728e-02
4.782851367283060678e-02
-9.079275323881010884e-01
-1.018300170417823614e+00
-6.598127915304403679e-01
2.934949628366672614e-01
-1.930898886351037680e+00
-8.981840795613440509e-01
4.668136045291761960e-01
1.345913116066909332e+00
-4.440125734909869393e-01
-1.605533562299677364e+00
-7.803841965281103077e-01
-2.098940117078374801e+00
2.094293395163688010e-01
1.362728935331143587e+00
6.621769160155058787e-01
2.012829602690801856e-01
-6.675013231847586326e-01
1.374895469074134402e-01
9.607463269208095236e-01
-1.152740698204581804e+00
-6.914282660741979392e-01
2.053391996562061728e+00
7.928515877302614798e-03
3.028367826369464666e-01
-3.114962784744201851e-01
1.615519312792623285e+00
-8.258382648560362860e-01
1.352534511339819334e-01
1.331385773696365682e+00
-1.378774467733438369e+00
2.498039654183395353e+00
-4.505026728140801989e-02
1.794713292028862650e+00
5.208492943824684362e-02
-2.485181515883115311e-01
4.600630173205302320e-01
1.248040978072680884e+00
1.105210590614806865e-01
1.822955859325021688e-01
-1.657591896635951967e+00
6.739154208791369172e-01
9.988600144363110056e-01
9.352986234088158657e-01
8.325705356305042049e-01
1.319412868690044149e+00
-7.917536672886766880e-01
-3.026208330329032692e-01
-1.628755800797564157e-01
-1.040064373721078628e+00
-4.931390293949738934e-01
-1.270431580659102000e+00
1.966553094155819359e+00
-2.323294968387579207e+00
-1.306008716211416232e+00
3.927760495062201929e-01
-2.709209279536625714e-01
6.993407338942608797e-01
-1.633690894489515877e+00
-9.180162534587509304e-01
