-2.752867187953617761e-02
1.373520184250405229e+00
-4.966052296342568506e-01
-5.571597501195551388e-02
8.622226012973953357e-02
-3.960645720108072615e-02
1.118432151487797510e+00
-1.553335395586504131e+00
-7.473420054707289317e-01
-1.107309726627230262e+00
-5.670662865022252364e-01
-1.660278236482076730e-01
1.054009776098468132e+00
8.199374673954933357e-01
5.994493359158646895e-01
6.426263731733746765e-01
-4.714466803382171278e-01
1.435481326730262963e-01
7.858597094138981554e-01
4.304856011528147841e-02
-2.026210474906676051e+00
1.785538102079312073e-01
-9.125457816875784944e-01
-2.150536392510090433e+00
1.846475617524997170e-01
1.449155063984883585e+00
-2.928467656741016722e-01
2.310872915371075531e-01
-1.065949718845653260e+00
-4.417747856133812379e-01
2.462399867907105189e-01
-1.845569418069081147e+00
-7.959756550701679867e-01
4.877120629543295061e-01
1.640660259463929904e+00
-6.601617078094014213e-01
-3.637981564211056340e-01
4.664216173253514230e-01
-9.053175504124240103e-01
-1.316208830625210435e+00
-1.503162181108644191e+00
1.081257030382781342e-01
-1.727541915496830227e-01
-1.131450849075467113e+00
4.876340764180069343e-01
7.316465426048230913e-01
-1.577464673279055818e+00
-4.198012801154955009e-01
9.646883043082030706e-01
-2.099903337766927613e+00
-6.460142692388656238e-01
-2.338290542739956124e-01
-2.857874857729836293e-01
-1.137243428845802727e-02
-1.810711130688418713e+00
3.480893590487403877e-01
-2.251775532379927114e-01
-3.216737701208890465e-01
-7.345462889324960720e-01
2.240756075854527740e+00
9.709136259511409045e-03
-7.317904711320043498e-01
-1.244045197969397276e-01
-5.110577450957136392e-02
-2.475761779209171565e-01
-7.440159214865459392e-01
-6.802039977680431893e-01
-7.436244287909814510e-01
-6.503607069288276366e-01
-7.061586175206584493e-01
-1.071162681095641611e+00
7.448964194494144264e-01
-1.323425981357649217e+00
1.188524007192713894e+00
-6.931791092674777222e-01
2.521265802310213466e+00
1.016098045320105392e+00
1.457819453912273522e+00
1.170729348462720809e+00
6.735808045192201998e-01
4.981467796719917240e-01
-1.038669627063867340e+00
-7.498997683973189776e-01
-1.805276492380412934e-01
-3.428844971634375405e+00
-2.015391040748017448e-01
3.041906206968036930e-01
-1.745925268019759419e-02
9.591989585774451932e-02
1.587842505963513950e+00
5.661422303216383511e-01
-1.113801808785555458e+00
-6.217085364048239304e-01
-9.907275752362803001e-01
1.256356904996728474e+00
-3.350646479740127665e-02
-2.982458386979369713e-01
1.140168426143585600e+00
1.155707474205146523e+00
-2.428345282139659500e-01
-1.046286297311857849e+00
-3.689514460369783255e-01
-6.733296121113883093e-01
1.188025083346148314e+00
1.486233505685869094e+00
3.308434344686864703e-01
3.308803205226900634e-01
-5.018255226234840105e-01
6.201591286599505981e-01
-5.920687024582342861e-01
-9.326434634801121781e-01
8.999699027526093520e-01
1.202604639399862174e+00
6.497118149036928969e-02
1.920125914092291330e-01
-1.763748904528453343e+00
6.214474060721892901e-01
1.001488961694678936e+00
9.187366649595412049e-01
-9.683502309920006823e-01
1.022428665095130196e+00
-5.533005854314494432e-01
-1.484843313491857719e+00
-1.948175700328751980e-01
-1.583670642828113095e+00
2.620946056435687344e-01
2.090758576067720753e+00
1.262264078394491174e+00
