2.571989590809314885e-01
8.421788881514211678e-01
-3.473088584206615592e-01
-1.256203905673259014e+00
1.444144423967028468e+00
-9.030050950977736024e-01
-7.126855700418129880e-01
7.166373366737743833e-01
6.592276679318461730e-01
-7.531449579473177280e-01
-9.723397813392263833e-01
-2.509070383464404586e-01
2.689577196564841843e-01
-1.832655795545926891e-01
7.299207569825918451e-01
3.549291870383415870e-01
-1.701606579543562869e+00
3.264954127297204356e-01
-1.877624908045209207e+00
1.045300074444804217e+00
1.212262022083185897e+00
-7.655301838110241119e-01
9.283365432703458708e-01
1.164342414467833819e-01
-6.806347040441765861e-01
-8.319998516956019774e-01
5.688474433202872493e-01
4.212981530136497565e-02
-1.028185489789865903e+00
-4.249358803595461587e-01
3.015212278972875803e-02
-1.362864677626530741e+00
-5.247533920381520361e-02
-3.910411192904584277e-01
-4.921690380544851418e-01
7.246778868268624052e-01
8.220687628857585860e-01
-6.283896795845355099e-01
3.222928596597990358e-02
7.631413451856913222e-01
-1.460584150662095126e+00
-2.769675232823994304e-01
5.724355223197518105e-01
-1.680590966995154201e+00
-1.087681250161355750e+00
-7.491265928007652120e-01
4.620813797071225415e-01
-2.544232794975072043e-01
3.200964477856512724e-01
-1.220333847258976867e+00
2.548036780562592973e+00
-1.453127134308537904e+00
1.823536530427144919e+00
-5.629855767210368844e-01
-1.214462593454801315e-01
2.783744116691426740e-01
6.633300231242945655e-01
-3.394865109748504972e-01
-1.139909138051161813e-01
1.200906938139868763e-01
-2.174417403157770934e-01
2.930621815354605086e+00
-4.955217060340733615e-01
1.192552731018147044e-01
-1.199182167156762624e+00
6.682024315660332059e-01
4.798975473047517593e-01
9.081423609773218164e-01
-1.043036329906086523e+00
-6.203509886088527381e-01
9.633918913005072859e-01
1.998772735819139390e+00
-5.225093947402554839e-01
-1.125786135967413060e+00
-6.800353853701112117e-01
-9.026860427104851370e-01
-9.135997961588203653e-01
1.872202671216385006e-01
5.440249870934773524e-01
-1.560734999116300648e+00
-2.179834596060073737e-01
-4.476075298452872886e-01
-2.733082614123612863e+00
6.183842526561623698e-01
-1.183740991850551705e+00
5.716949081741765637e-01
1.105793341652055561e+00
-4.283736286922693592e-01
-4.482560229144929576e-01
1.042561631552891166e+00
-6.340720333242305662e-01
1.242383325090634510e-01
9.297778433694056099e-01
-5.309008681300448895e-01
1.554400040911895209e+00
-2.185432207888396317e+00
1.529461681717753652e-01
7.451505489294770745e-01
-9.237756808175421330e-01
-1.863934526531563496e-01
-1.025844649956608734e+00
-1.722922883708871700e-01
-9.625802464827285521e-01
3.977644854732684809e-01
1.463011998431040517e-01
-5.321249776279528554e-01
-1.882248075589913194e-01
3.942139663558817952e-01
-1.522453315623159886e+00
-6.411725826964668196e-01
-9.477637363729197739e-01
-1.225999102918395423e+00
-1.735938633900598660e+00
8.736660080041129817e-01
-5.071088141939621430e-01
7.528145062825749578e-01
5.632553896130733095e-01
-7.988395988158851768e-01
-2.022880785795474701e+00
4.153563830423503411e-01
-2.196330704826721103e-01
1.328294446809981766e+00
6.740604423152345426e-01
-1.433437451520016115e+00
-9.378263301612958791e-02
5.978389993897330612e-01
-2.074258220591145285e-01
-1.211420701404114730e+00
